0.015259895088221268,-35,-30
0.017302558210266637,-34,-30
0.018543669980623314,-33,-30
0.01906659342910076,-32,-30
0.04329901266411552,-31,-30
1.0987124463519313,-30,-30
1.0987124463519313,-29,-30
0.7990635973468592,-28,-30
1.0987124463519313,-27,-30
1.25567136725935,-26,-30
0.878969957081545,-25,-30
1.0987124463519313,-24,-30
1.25567136725935,-23,-30
0.18701488448543513,-22,-30
1.0987124463519313,-21,-30
0.9766332856461611,-20,-30
1.25567136725935,-19,-30
1.25567136725935,-18,-30
0.878969957081545,-17,-30
1.0987124463519313,-16,-30
1.0987124463519313,-15,-30
1.25567136725935,-14,-30
1.0987124463519313,-13,-30
1.25567136725935,-12,-30
1.0987124463519313,-11,-30
1.25567136725935,-10,-30
0.18701488448543513,-9,-30
1.0987124463519313,-8,-30
0.18311874105865522,-7,-30
1.0987124463519313,-6,-30
1.25567136725935,-5,-30
1.25567136725935,-4,-30
1.25567136725935,-3,-30
1.25567136725935,-2,-30
1.25567136725935,-1,-30
1.25567136725935,0,-30
0.9766332856461611,1,-30
1.0987124463519313,2,-30
1.25567136725935,3,-30
1.25567136725935,4,-30
0.9766332856461611,5,-30
1.0987124463519313,6,-30
0.627835683629675,7,-30
0.878969957081545,8,-30
0.878969957081545,9,-30
0.1723470504081461,10,-30
0.3255444285487204,11,-30
0.3380653681082866,12,-30
0.11877972392993852,13,-30
0.1204068434358281,14,-30
0.029896937315698813,15,-30
0.02497073741708935,16,-30
0.0276405646880989,17,-30
0.02337686056067939,18,-30
0.024483842815641924,19,-30
0.02242270298677411,20,-30
0.022480050053236448,21,-30
0.019886198124016857,22,-30
0.02029953711504723,23,-30
0.02029953711504723,24,-30
0.017001353135039556,25,-30
0.016368155625354656,-35,-29
0.017133917292037917,-34,-29
0.019025323746353788,-33,-29
0.01910804254525098,-32,-29
0.04777010636312745,-31,-29
1.0987124463519313,-30,-29
1.25567136725935,-29,-29
0.7990635973468592,-28,-29
1.0987124463519313,-27,-29
1.25567136725935,-26,-29
1.25567136725935,-25,-29
1.25567136725935,-24,-29
1.25567136725935,-23,-29
1.25567136725935,-22,-29
1.25567136725935,-21,-29
0.9766332856461611,-20,-29
1.0987124463519313,-19,-29
0.18701488448543513,-18,-29
1.0987124463519313,-17,-29
0.18701488448543513,-16,-29
1.0987124463519313,-15,-29
1.0987124463519313,-14,-29
1.25567136725935,-13,-29
1.25567136725935,-12,-29
1.0987124463519313,-11,-29
1.25567136725935,-10,-29
0.9766332856461611,-9,-29
1.0987124463519313,-8,-29
1.25567136725935,-7,-29
1.25567136725935,-6,-29
1.25567136725935,-5,-29
1.0987124463519313,-4,-29
0.18311874105865522,-3,-29
1.25567136725935,-2,-29
0.18701488448543513,-1,-29
1.0987124463519313,0,-29
0.18311874105865522,1,-29
1.25567136725935,2,-29
1.0987124463519313,3,-29
1.25567136725935,4,-29
0.18701488448543513,5,-29
1.25567136725935,6,-29
0.18701488448543513,7,-29
0.4185571224197834,8,-29
0.4626157668850237,9,-29
0.1723470504081461,10,-29
0.7324749642346209,11,-29
0.7324749642346209,12,-29
0.06415839102785001,13,-29
0.031731767403665886,14,-29
0.033548471644333784,15,-29
0.030205153164314262,16,-29
0.026082194572152672,17,-29
0.022889842632331903,18,-29
0.023820324040150272,19,-29
0.0226538648732357,20,-29
0.02271240199177119,21,-29
0.021702961903248025,22,-29
0.020681646048977532,23,-29
0.020681646048977532,24,-29
0.019489356032850222,25,-29
0.016460111555834177,-35,-28
0.015128570689871688,-34,-28
0.01910804254525098,-33,-28
0.04650634693553148,-32,-28
0.047256449305459414,-31,-28
1.0987124463519313,-30,-28
0.7990635973468592,-29,-28
1.0987124463519313,-28,-28
0.18701488448543513,-27,-28
1.25567136725935,-26,-28
1.25567136725935,-25,-28
1.25567136725935,-24,-28
1.0987124463519313,-23,-28
1.25567136725935,-22,-28
1.25567136725935,-21,-28
1.25567136725935,-20,-28
1.0987124463519313,-19,-28
1.25567136725935,-18,-28
1.25567136725935,-17,-28
1.25567136725935,-16,-28
1.25567136725935,-15,-28
0.18701488448543513,-14,-28
1.25567136725935,-13,-28
1.25567136725935,-12,-28
1.25567136725935,-11,-28
1.25567136725935,-10,-28
1.0987124463519313,-9,-28
1.25567136725935,-8,-28
1.25567136725935,-7,-28
1.25567136725935,-6,-28
1.0987124463519313,-5,-28
1.25567136725935,-4,-28
1.25567136725935,-3,-28
1.25567136725935,-2,-28
1.25567136725935,-1,-28
1.0987124463519313,0,-28
1.25567136725935,1,-28
1.25567136725935,2,-28
1.25567136725935,3,-28
0.9766332856461611,4,-28
1.0987124463519313,5,-28
1.25567136725935,6,-28
1.25567136725935,7,-28
0.9766332856461611,8,-28
1.0987124463519313,9,-28
0.1723470504081461,10,-28
0.18701488448543513,11,-28
0.1910804254525098,12,-28
0.13317726622447654,13,-28
0.032920223111668354,14,-28
0.028353869583275647,15,-28
0.030101710858957024,16,-28
0.025776245075705133,17,-28
0.025852057561221914,18,-28
0.023885053181563726,19,-28
0.02259562871674923,20,-28
0.0226538648732357,21,-28
0.021919450301285413,22,-28
0.021282565546768644,23,-28
0.018862016246385088,24,-28
0.02015986140095287,25,-28
0.016337731544266636,-35,-27
0.017167381974248927,-34,-27
0.018902579722183763,-33,-27
0.047511889571975406,-32,-27
0.048295052586898084,-31,-27
0.18701488448543513,-30,-27
1.25567136725935,-29,-27
1.25567136725935,-28,-27
1.25567136725935,-27,-27
0.878969957081545,-26,-27
1.0987124463519313,-25,-27
1.25567136725935,-24,-27
1.25567136725935,-23,-27
1.0987124463519313,-22,-27
1.25567136725935,-21,-27
1.25567136725935,-20,-27
1.25567136725935,-19,-27
1.25567136725935,-18,-27
1.25567136725935,-17,-27
1.25567136725935,-16,-27
1.25567136725935,-15,-27
1.25567136725935,-14,-27
1.25567136725935,-13,-27
1.25567136725935,-12,-27
1.25567136725935,-11,-27
1.25567136725935,-10,-27
1.25567136725935,-9,-27
1.25567136725935,-8,-27
1.25567136725935,-7,-27
0.9766332856461611,-6,-27
1.0987124463519313,-5,-27
1.25567136725935,-4,-27
1.25567136725935,-3,-27
1.25567136725935,-2,-27
1.0987124463519313,-1,-27
1.25567136725935,0,-27
0.878969957081545,1,-27
1.25567136725935,2,-27
1.0987124463519313,3,-27
1.0987124463519313,4,-27
1.25567136725935,5,-27
0.9766332856461611,6,-27
1.25567136725935,7,-27
0.2044116179259407,8,-27
0.2092785612098917,9,-27
0.07990635973468592,10,-27
0.23130788344251185,11,-27
0.11126201988373988,12,-27
0.14897795882738052,13,-27
0.031962543893874366,14,-27
0.032079195513925005,15,-27
0.030626130908764638,16,-27
0.02729720363607283,17,-27
0.027467811158798282,18,-27
0.024483842815641924,19,-27
0.0226538648732357,20,-27
0.020022094694340433,21,-27
0.021334222259260804,22,-27
0.02029953711504723,23,-27
0.020346526784295025,24,-27
0.019275656953542653,25,-27
0.016398693229133305,-35,-26
0.016935837323343837,-34,-26
0.01680630893081348,-33,-26
0.043948497854077256,-32,-26
0.04439242207482551,-31,-26
1.25567136725935,-30,-26
1.25567136725935,-29,-26
1.25567136725935,-28,-26
1.0987124463519313,-27,-26
0.878969957081545,-26,-26
1.0987124463519313,-25,-26
0.18701488448543513,-24,-26
1.25567136725935,-23,-26
1.0987124463519313,-22,-26
1.25567136725935,-21,-26
1.25567136725935,-20,-26
1.25567136725935,-19,-26
1.25567136725935,-18,-26
1.25567136725935,-17,-26
1.25567136725935,-16,-26
1.0987124463519313,-15,-26
1.25567136725935,-14,-26
0.18701488448543513,-13,-26
1.25567136725935,-12,-26
1.25567136725935,-11,-26
1.25567136725935,-10,-26
1.25567136725935,-9,-26
1.25567136725935,-8,-26
1.25567136725935,-7,-26
0.878969957081545,-6,-26
1.0987124463519313,-5,-26
1.25567136725935,-4,-26
0.9766332856461611,-3,-26
1.0987124463519313,-2,-26
1.25567136725935,-1,-26
1.25567136725935,0,-26
1.25567136725935,1,-26
1.25567136725935,2,-26
1.25567136725935,3,-26
1.25567136725935,4,-26
1.25567136725935,5,-26
1.25567136725935,6,-26
1.25567136725935,7,-26
0.9766332856461611,8,-26
0.9766332856461611,9,-26
0.12926028780610957,10,-26
0.14176934791637824,11,-26
0.14897795882738052,12,-26
0.09350744224271756,13,-26
0.09252315337700474,14,-26
0.029896937315698813,15,-26
0.026082194572152672,16,-26
0.02781550497093497,17,-26
0.026395494206653006,18,-26
0.024759717100888593,19,-26
0.02283038849562455,20,-26
0.022889842632331903,21,-26
0.019752133867001014,22,-26
0.019931291543799207,23,-26
0.019886198124016857,24,-26
0.018902579722183763,25,-26
0.016247134141987894,-35,-25
0.017001353135039556,-34,-25
0.018902579722183763,-33,-25
0.018862016246385088,-32,-25
0.035018723389702994,-31,-25
1.0987124463519313,-30,-25
1.25567136725935,-29,-25
0.7990635973468592,-28,-25
1.0987124463519313,-27,-25
1.25567136725935,-26,-25
1.25567136725935,-25,-25
1.0987124463519313,-24,-25
1.25567136725935,-23,-25
1.25567136725935,-22,-25
1.0987124463519313,-21,-25
1.25567136725935,-20,-25
1.25567136725935,-19,-25
0.18311874105865522,-18,-25
1.25567136725935,-17,-25
1.25567136725935,-16,-25
1.25567136725935,-15,-25
1.25567136725935,-14,-25
1.0987124463519313,-13,-25
1.25567136725935,-12,-25
1.25567136725935,-11,-25
1.25567136725935,-10,-25
1.25567136725935,-9,-25
1.0987124463519313,-8,-25
1.0987124463519313,-7,-25
1.25567136725935,-6,-25
1.25567136725935,-5,-25
1.25567136725935,-4,-25
0.18701488448543513,-3,-25
1.0987124463519313,-2,-25
0.18701488448543513,-1,-25
1.25567136725935,0,-25
0.1723470504081461,1,-25
1.0987124463519313,2,-25
1.25567136725935,3,-25
1.25567136725935,4,-25
0.7324749642346209,5,-25
0.7990635973468592,6,-25
0.878969957081545,7,-25
0.1204068434358281,8,-25
0.13951904080659444,9,-25
0.06463014390305478,10,-25
0.07512563735739701,11,-25
0.07847946045370938,12,-25
0.06415839102785001,13,-25
0.031846737575418296,14,-25
0.031962543893874366,15,-25
0.025852057561221914,16,-25
0.0276405646880989,17,-25
0.0276405646880989,18,-25
0.02497073741708935,19,-25
0.022889842632331903,20,-25
0.021334222259260804,21,-25
0.021596313441807003,22,-25
0.020633097584073827,23,-25
0.020681646048977532,24,-25
0.0175793991416309,25,-25
0.016553106536375612,-35,-24
0.017034301493828393,-34,-24
0.018984232334374622,-33,-24
0.033548471644333784,-32,-24
0.033548471644333784,-31,-24
0.627835683629675,-30,-24
1.25567136725935,-29,-24
1.25567136725935,-28,-24
0.9766332856461611,-27,-24
1.25567136725935,-26,-24
1.25567136725935,-25,-24
0.9766332856461611,-24,-24
1.0987124463519313,-23,-24
1.25567136725935,-22,-24
1.25567136725935,-21,-24
1.25567136725935,-20,-24
1.25567136725935,-19,-24
0.18701488448543513,-18,-24
1.0987124463519313,-17,-24
0.18701488448543513,-16,-24
1.25567136725935,-15,-24
1.25567136725935,-14,-24
0.878969957081545,-13,-24
1.25567136725935,-12,-24
1.0987124463519313,-11,-24
1.25567136725935,-10,-24
1.0987124463519313,-9,-24
1.25567136725935,-8,-24
1.25567136725935,-7,-24
1.25567136725935,-6,-24
1.25567136725935,-5,-24
0.9766332856461611,-4,-24
1.25567136725935,-3,-24
1.25567136725935,-2,-24
0.18311874105865522,-1,-24
1.25567136725935,0,-24
1.25567136725935,1,-24
1.0987124463519313,2,-24
0.04484540597354822,3,-24
0.059793874631397625,4,-24
0.04461776431886016,5,-24
0.06323524871090253,6,-24
0.06415839102785001,7,-24
0.06146643056514301,8,-24
0.04165734393751398,9,-24
0.041855712241978336,10,-24
0.04351336421195768,11,-24
0.046019369480709164,12,-24
0.046019369480709164,13,-24
0.02175668210597884,14,-24
0.030205153164314262,15,-24
0.026474998707275453,16,-24
0.031059009084153537,17,-24
0.02615982015123646,18,-24
0.026082194572152672,19,-24
0.023885053181563726,20,-24
0.021919450301285413,21,-24
0.020633097584073827,22,-24
0.018273803681529005,23,-24
0.019796620654989754,24,-24
0.018862016246385088,25,-24
0.016460111555834177,-35,-23
0.017133917292037917,-34,-23
0.017336685544014695,-33,-23
0.023820324040150272,-32,-23
0.029998974644421333,-31,-23
1.0987124463519313,-30,-23
1.0987124463519313,-29,-23
1.25567136725935,-28,-23
1.25567136725935,-27,-23
1.25567136725935,-26,-23
1.25567136725935,-25,-23
1.0987124463519313,-24,-23
1.25567136725935,-23,-23
1.25567136725935,-22,-23
1.25567136725935,-21,-23
0.18701488448543513,-20,-23
1.25567136725935,-19,-23
0.878969957081545,-18,-23
1.0987124463519313,-17,-23
1.25567136725935,-16,-23
1.25567136725935,-15,-23
1.25567136725935,-14,-23
1.0987124463519313,-13,-23
1.25567136725935,-12,-23
1.0987124463519313,-11,-23
1.0987124463519313,-10,-23
1.25567136725935,-9,-23
1.25567136725935,-8,-23
0.18701488448543513,-7,-23
1.25567136725935,-6,-23
0.18701488448543513,-5,-23
1.0987124463519313,-4,-23
0.18701488448543513,-3,-23
1.25567136725935,-2,-23
1.25567136725935,-1,-23
1.25567136725935,0,-23
0.4394849785407725,1,-23
0.059793874631397625,2,-23
0.05598534758481179,3,-23
0.06463014390305478,4,-23
0.059793874631397625,5,-23
0.06020342171791405,6,-23
0.04507538241443821,7,-23
0.04484540597354822,8,-23
0.03724448970684513,9,-23
0.03617160317208004,10,-23
0.03617160317208004,11,-23
0.019025323746353788,12,-23
0.022029322232620177,13,-23
0.02547739006033464,14,-23
0.025551452240742588,15,-23
0.030626130908764638,16,-23
0.02790380816131889,17,-23
0.027992673792405894,18,-23
0.021596313441807003,19,-23
0.022889842632331903,20,-23
0.02112908550676791,21,-23
0.021282565546768644,22,-23
0.02029953711504723,23,-23
0.020206205909920578,24,-23
0.01944623798852976,25,-23
0.016398693229133305,-35,-22
0.01772116848954728,-34,-22
0.017034301493828393,-33,-22
0.027045229448662927,-32,-22
0.027212692169707276,-31,-22
0.0813861071371801,-30,-22
1.0987124463519313,-29,-22
1.25567136725935,-28,-22
1.25567136725935,-27,-22
0.18701488448543513,-26,-22
1.25567136725935,-25,-22
0.878969957081545,-24,-22
1.0987124463519313,-23,-22
1.25567136725935,-22,-22
1.25567136725935,-21,-22
1.25567136725935,-20,-22
1.25567136725935,-19,-22
1.25567136725935,-18,-22
0.9766332856461611,-17,-22
1.0987124463519313,-16,-22
0.18701488448543513,-15,-22
1.25567136725935,-14,-22
0.1690326840541433,-13,-22
1.0987124463519313,-12,-22
1.25567136725935,-11,-22
1.25567136725935,-10,-22
1.25567136725935,-9,-22
1.25567136725935,-8,-22
1.0987124463519313,-7,-22
1.0987124463519313,-6,-22
1.0987124463519313,-5,-22
0.878969957081545,-4,-22
1.0987124463519313,-3,-22
1.25567136725935,-2,-22
1.25567136725935,-1,-22
0.125567136725935,0,-22
0.12926028780610957,1,-22
0.050226854690374,2,-22
0.046019369480709164,3,-22
0.03788663608110108,4,-22
0.032920223111668354,5,-22
0.038050647492707576,6,-22
0.03821608509050196,7,-22
0.02655498359762976,8,-22
0.022140301185933124,9,-22
0.022196211037412754,10,-22
0.023439198855507867,11,-22
0.025776245075705133,12,-22
0.025700875938056873,13,-22
0.029795591765476102,14,-22
0.02817211400902388,15,-22
0.032434315759466606,16,-22
0.031962543893874366,17,-22
0.02729720363607283,18,-22
0.023820324040150272,19,-22
0.023755944785987703,20,-22
0.022196211037412754,21,-22
0.021282565546768644,22,-22
0.021334222259260804,23,-22
0.02029953711504723,24,-22
0.019489356032850222,25,-22
0.01649099356625788,-35,-21
0.017370947768409983,-34,-21
0.017302558210266637,-33,-21
0.021543381301018263,-32,-21
0.02562594627059898,-31,-21
1.0987124463519313,-30,-21
1.25567136725935,-29,-21
1.25567136725935,-28,-21
0.878969957081545,-27,-21
1.25567136725935,-26,-21
1.25567136725935,-25,-21
1.0987124463519313,-24,-21
1.25567136725935,-23,-21
1.25567136725935,-22,-21
1.25567136725935,-21,-21
1.0987124463519313,-20,-21
1.25567136725935,-19,-21
1.25567136725935,-18,-21
1.25567136725935,-17,-21
1.25567136725935,-16,-21
1.25567136725935,-15,-21
1.25567136725935,-14,-21
0.9766332856461611,-13,-21
1.0987124463519313,-12,-21
1.25567136725935,-11,-21
0.7990635973468592,-10,-21
1.0987124463519313,-9,-21
0.18701488448543513,-8,-21
1.25567136725935,-7,-21
1.25567136725935,-6,-21
1.25567136725935,-5,-21
0.878969957081545,-4,-21
1.0987124463519313,-3,-21
0.3255444285487204,-2,-21
0.05459440727214566,-1,-21
0.05707597123906137,0,-21
0.031169147414239186,1,-21
0.030205153164314262,2,-21
0.030205153164314262,3,-21
0.020977803271635922,4,-21
0.021078416236967507,5,-21
0.021386130342616667,6,-21
0.02082867196875699,7,-21
0.025776245075705133,8,-21
0.025852057561221914,9,-21
0.028724508401357682,10,-21
0.03380653681082866,11,-21
0.03380653681082866,12,-21
0.03529999827636727,13,-21
0.03393706397998243,14,-21
0.03367700984986763,15,-21
0.02790380816131889,16,-21
0.028353869583275647,17,-21
0.028445629679014404,18,-21
0.024759717100888593,19,-21
0.022252403976747975,20,-21
0.02175668210597884,21,-21
0.021702961903248025,22,-21
0.02039373450305209,23,-21
0.019489356032850222,24,-21
0.015894574269105698,25,-21
0.01779291411096245,-35,-20
0.016774235822166892,-34,-20
0.017509361694851497,-33,-20
0.024759717100888593,-32,-20
0.02525775738740072,-31,-20
0.028537985619530686,-30,-20
0.627835683629675,-29,-20
0.7324749642346209,-28,-20
1.0987124463519313,-27,-20
1.25567136725935,-26,-20
1.25567136725935,-25,-20
1.25567136725935,-24,-20
1.25567136725935,-23,-20
1.0987124463519313,-22,-20
1.25567136725935,-21,-20
0.1910804254525098,-20,-20
1.25567136725935,-19,-20
0.1910804254525098,-18,-20
1.0987124463519313,-17,-20
1.25567136725935,-16,-20
1.25567136725935,-15,-20
1.25567136725935,-14,-20
1.25567136725935,-13,-20
1.25567136725935,-12,-20
1.0987124463519313,-11,-20
1.25567136725935,-10,-20
1.25567136725935,-9,-20
1.25567136725935,-8,-20
1.25567136725935,-7,-20
1.25567136725935,-6,-20
0.1690326840541433,-5,-20
0.7324749642346209,-4,-20
0.07448897941369026,-3,-20
0.04165734393751398,-2,-20
0.04165734393751398,-1,-20
0.022196211037412754,0,-20
0.020977803271635922,1,-20
0.02082867196875699,2,-20
0.022029322232620177,3,-20
0.023885053181563726,4,-20
0.023885053181563726,5,-20
0.027553917149891693,6,-20
0.03231507195152739,7,-20
0.03231507195152739,8,-20
0.036931510801745594,9,-20
0.038721143483768504,10,-20
0.037562818678698505,11,-20
0.037562818678698505,12,-20
0.038050647492707576,13,-20
0.034741895536819965,14,-20
0.03487976020164861,15,-20
0.030519790176442536,16,-20
0.029298998569384834,17,-20
0.029495636143676007,18,-20
0.025551452240742588,19,-20
0.023564878205939548,20,-20
0.021974248927038628,21,-20
0.02175668210597884,22,-20
0.020681646048977532,23,-20
0.020633097584073827,24,-20
0.019532665712923225,25,-20
0.014797474024941836,-35,-19
0.017234705040814608,-34,-19
0.019619865113427344,-33,-19
0.04675372112135878,-32,-19
0.046019369480709164,-31,-19
0.023628224652729707,-30,-19
1.0987124463519313,-29,-19
0.18701488448543513,-28,-19
0.878969957081545,-27,-19
1.0987124463519313,-26,-19
1.25567136725935,-25,-19
1.25567136725935,-24,-19
1.25567136725935,-23,-19
1.25567136725935,-22,-19
1.25567136725935,-21,-19
1.25567136725935,-20,-19
1.25567136725935,-19,-19
1.0987124463519313,-18,-19
0.18701488448543513,-17,-19
0.878969957081545,-16,-19
1.0987124463519313,-15,-19
1.25567136725935,-14,-19
1.25567136725935,-13,-19
1.0987124463519313,-12,-19
1.25567136725935,-11,-19
1.0987124463519313,-10,-19
1.25567136725935,-9,-19
1.25567136725935,-8,-19
1.25567136725935,-7,-19
1.0987124463519313,-6,-19
0.07847946045370938,-5,-19
0.05938986196496926,-4,-19
0.024147526293449042,-3,-19
0.02164950633205776,-2,-19
0.02175668210597884,-1,-19
0.023628224652729707,0,-19
0.026962268622133283,1,-19
0.027045229448662927,2,-19
0.031059009084153537,3,-19
0.03573048606022541,4,-19
0.03602335889678463,5,-19
0.041855712241978336,6,-19
0.054935622317596564,7,-19
0.0552811293761978,8,-19
0.06709694328866757,9,-19
0.09252315337700474,10,-19
0.09252315337700474,11,-19
0.05459440727214566,12,-19
0.04225817101353582,13,-19
0.04266844451852161,14,-19
0.036471782451516395,15,-19
0.031962543893874366,16,-19
0.029998974644421333,17,-19
0.023755944785987703,18,-19
0.024214048404450277,19,-19
0.024147526293449042,20,-19
0.022889842632331903,21,-19
0.02011372899500103,22,-19
0.021702961903248025,23,-19
0.020681646048977532,24,-19
0.01966375742911734,25,-19
0.016307420354017534,-35,-18
0.015207092683071714,-34,-18
0.019752133867001014,-33,-18
0.019841308286265125,-32,-18
0.05459440727214566,-31,-18
0.031059009084153537,-30,-18
1.0987124463519313,-29,-18
1.25567136725935,-28,-18
0.18701488448543513,-27,-18
0.878969957081545,-26,-18
1.0987124463519313,-25,-18
1.25567136725935,-24,-18
1.0987124463519313,-23,-18
1.25567136725935,-22,-18
1.25567136725935,-21,-18
1.0987124463519313,-20,-18
1.25567136725935,-19,-18
1.25567136725935,-18,-18
1.25567136725935,-17,-18
0.18701488448543513,-16,-18
0.878969957081545,-15,-18
1.0987124463519313,-14,-18
1.25567136725935,-13,-18
1.25567136725935,-12,-18
1.25567136725935,-11,-18
1.25567136725935,-10,-18
1.25567136725935,-9,-18
1.25567136725935,-8,-18
0.21438291636135245,-7,-18
0.029495636143676007,-6,-18
0.029495636143676007,-5,-18
0.02242270298677411,-4,-18
0.02175668210597884,-3,-18
0.024690167333751265,-2,-18
0.027992673792405894,-1,-18
0.031059009084153537,0,-18
0.03460511642053327,1,-18
0.035018723389702994,2,-18
0.03941569314267018,3,-18
0.048031145195712846,4,-18
0.048295052586898084,5,-18
0.09350744224271756,6,-18
1.0987124463519313,7,-18
1.25567136725935,8,-18
0.7324749642346209,9,-18
0.7990635973468592,10,-18
0.10220580896297035,11,-18
0.03995317986734296,12,-18
0.04938033466750253,13,-18
0.038721143483768504,14,-18
0.03380653681082866,15,-18
0.03393706397998243,16,-18
0.030309308864880865,17,-18
0.026797864545169057,18,-18
0.026797864545169057,19,-18
0.024483842815641924,20,-18
0.020022094694340433,21,-18
0.0212311583836122,22,-18
0.021282565546768644,23,-18
0.02029953711504723,24,-18
0.01910804254525098,25,-18
0.01649099356625788,-35,-17
0.01740534568478307,-34,-17
0.015640034823515038,-33,-17
0.02615982015123646,-32,-17
0.5859799713876968,-31,-17
0.627835683629675,-30,-17
0.03788663608110108,-29,-17
1.25567136725935,-28,-17
0.878969957081545,-27,-17
0.18701488448543513,-26,-17
1.25567136725935,-25,-17
1.25567136725935,-24,-17
1.25567136725935,-23,-17
1.25567136725935,-22,-17
1.25567136725935,-21,-17
1.25567136725935,-20,-17
0.878969957081545,-19,-17
1.0987124463519313,-18,-17
1.25567136725935,-17,-17
1.25567136725935,-16,-17
1.25567136725935,-15,-17
1.25567136725935,-14,-17
0.18701488448543513,-13,-17
1.0987124463519313,-12,-17
0.1910804254525098,-11,-17
1.0987124463519313,-10,-17
0.08702672842391536,-9,-17
0.08789699570815451,-8,-17
0.025776245075705133,-7,-17
0.023628224652729707,-6,-17
0.02369191258979906,-5,-17
0.0226538648732357,-4,-17
0.030101710858957024,-3,-17
0.026395494206653006,-2,-17
0.036471782451516395,-1,-17
0.04329901266411552,0,-17
0.04351336421195768,1,-17
0.0499414748341787,2,-17
0.09155937052932761,3,-17
0.09252315337700474,4,-17
0.9766332856461611,5,-17
1.0987124463519313,6,-17
1.0987124463519313,7,-17
1.0987124463519313,8,-17
0.9766332856461611,9,-17
1.0987124463519313,10,-17
0.15695892090741875,11,-17
0.15981271946937184,12,-17
0.05170411512244383,13,-17
0.03889247597705952,14,-17
0.03267546308853327,15,-17
0.033420910915648104,16,-17
0.028353869583275647,17,-17
0.028445629679014404,18,-17
0.02497073741708935,19,-17
0.023885053181563726,20,-17
0.023885053181563726,21,-17
0.02208467228848103,22,-17
0.020927856120989168,23,-17
0.019886198124016857,24,-17
0.019886198124016857,25,-17
0.016157535975763696,-35,-16
0.01706737780740864,-34,-16
0.01812309189858856,-33,-16
0.02655498359762976,-32,-16
0.027045229448662927,-31,-16
1.0987124463519313,-30,-16
0.033043983348930266,-29,-16
0.7324749642346209,-28,-16
1.0987124463519313,-27,-16
1.25567136725935,-26,-16
1.25567136725935,-25,-16
1.25567136725935,-24,-16
1.25567136725935,-23,-16
1.0987124463519313,-22,-16
0.18701488448543513,-21,-16
0.878969957081545,-20,-16
1.25567136725935,-19,-16
1.25567136725935,-18,-16
1.25567136725935,-17,-16
1.25567136725935,-16,-16
1.25567136725935,-15,-16
1.25567136725935,-14,-16
1.25567136725935,-13,-16
1.25567136725935,-12,-16
0.07386302160349119,-11,-16
0.025700875938056873,-10,-16
0.025852057561221914,-9,-16
0.025551452240742588,-8,-16
0.0276405646880989,-7,-16
0.027992673792405894,-6,-16
0.031962543893874366,-5,-16
0.03788663608110108,-4,-16
0.03821608509050196,-3,-16
0.043729848611022144,-2,-16
0.05231964030247292,-1,-16
0.06709694328866757,0,-16
0.627835683629675,1,-16
1.25567136725935,2,-16
1.25567136725935,3,-16
1.0987124463519313,4,-16
1.25567136725935,5,-16
1.25567136725935,6,-16
1.25567136725935,7,-16
1.25567136725935,8,-16
1.25567136725935,9,-16
0.7324749642346209,10,-16
0.7990635973468592,11,-16
0.06813720597531357,12,-16
0.043086762602036525,13,-16
0.042055978807729426,14,-16
0.036321072606675414,15,-16
0.03094964637611074,16,-16
0.031059009084153537,17,-16
0.023820324040150272,18,-16
0.02350187051020174,19,-16
0.02489999878417975,20,-16
0.022949607234505093,21,-16
0.021282565546768644,22,-16
0.021282565546768644,23,-16
0.01874136369043806,24,-16
0.017001353135039556,25,-16
0.016710455457824052,-35,-15
0.017001353135039556,-34,-15
0.020681646048977532,-33,-15
0.02044116179259407,-32,-15
0.06189929275222148,-31,-15
1.0987124463519313,-30,-15
0.7990635973468592,-29,-15
0.09766332856461611,-28,-15
1.25567136725935,-27,-15
1.25567136725935,-26,-15
1.25567136725935,-25,-15
1.25567136725935,-24,-15
1.25567136725935,-23,-15
1.25567136725935,-22,-15
1.25567136725935,-21,-15
1.25567136725935,-20,-15
1.25567136725935,-19,-15
0.18701488448543513,-18,-15
1.25567136725935,-17,-15
1.25567136725935,-16,-15
1.25567136725935,-15,-15
1.25567136725935,-14,-15
1.25567136725935,-13,-15
0.18701488448543513,-12,-15
0.18701488448543513,-11,-15
0.029495636143676007,-10,-15
0.031731767403665886,-9,-15
0.03740297689708703,-8,-15
0.032079195513925005,-7,-15
0.04266844451852161,-6,-15
0.05263293156176917,-5,-15
0.05563100994186994,-4,-15
0.18701488448543513,-3,-15
1.0987124463519313,-2,-15
1.0987124463519313,-1,-15
1.25567136725935,0,-15
0.878969957081545,1,-15
1.25567136725935,2,-15
1.25567136725935,3,-15
1.25567136725935,4,-15
1.25567136725935,5,-15
1.25567136725935,6,-15
1.25567136725935,7,-15
1.25567136725935,8,-15
1.25567136725935,9,-15
1.25567136725935,10,-15
0.10589999482910181,11,-15
0.0998829496683574,12,-15
0.04700374102040348,13,-15
0.033043983348930266,14,-15
0.03889247597705952,15,-15
0.033420910915648104,16,-15
0.02808210725500144,17,-15
0.02808210725500144,18,-15
0.025185385589729086,19,-15
0.023950135070341827,20,-15
0.022140301185933124,21,-15
0.02164950633205776,22,-15
0.021334222259260804,23,-15
0.020022094694340433,24,-15
0.020022094694340433,25,-15
0.016307420354017534,-35,-14
0.017234705040814608,-34,-14
0.015952267823621507,-33,-14
0.0276405646880989,-32,-14
0.027992673792405894,-31,-14
1.0987124463519313,-30,-14
0.07448897941369026,-29,-14
0.7990635973468592,-28,-14
1.0987124463519313,-27,-14
0.18701488448543513,-26,-14
1.25567136725935,-25,-14
0.18311874105865522,-24,-14
1.0987124463519313,-23,-14
1.25567136725935,-22,-14
1.25567136725935,-21,-14
1.25567136725935,-20,-14
1.25567136725935,-19,-14
1.25567136725935,-18,-14
1.25567136725935,-17,-14
1.25567136725935,-16,-14
1.25567136725935,-15,-14
1.25567136725935,-14,-14
0.627835683629675,-13,-14
0.5859799713876968,-12,-14
0.03708733996124663,-11,-14
0.03788663608110108,-10,-14
0.038050647492707576,-9,-14
0.04626157668850237,-8,-14
0.10220580896297035,-7,-14
0.10103102954960289,-6,-14
0.24415832141154029,-5,-14
0.18701488448543513,-4,-14
1.25567136725935,-3,-14
1.25567136725935,-2,-14
1.25567136725935,-1,-14
1.25567136725935,0,-14
1.25567136725935,1,-14
0.878969957081545,2,-14
1.0987124463519313,3,-14
1.25567136725935,4,-14
1.0987124463519313,5,-14
0.9766332856461611,6,-14
1.0987124463519313,7,-14
1.25567136725935,8,-14
0.878969957081545,9,-14
0.878969957081545,10,-14
0.1204068434358281,11,-14
0.04910446687606397,12,-14
0.04910446687606397,13,-14
0.03941569314267018,14,-14
0.03279738645826661,15,-14
0.03460511642053327,16,-14
0.026316465780884583,17,-14
0.02615982015123646,18,-14
0.024415832141154028,19,-14
0.02271240199177119,20,-14
0.022252403976747975,21,-14
0.021702961903248025,22,-14
0.02175668210597884,23,-14
0.020633097584073827,24,-14
0.019403310310850883,25,-14
0.016368155625354656,-35,-13
0.01720097763368973,-34,-13
0.01754431052058972,-33,-13
0.020878146248967815,-32,-13
0.07847946045370938,-31,-13
1.0987124463519313,-30,-13
1.25567136725935,-29,-13
0.878969957081545,-28,-13
1.25567136725935,-27,-13
1.25567136725935,-26,-13
0.878969957081545,-25,-13
1.0987124463519313,-24,-13
1.0987124463519313,-23,-13
1.25567136725935,-22,-13
1.25567136725935,-21,-13
1.25567136725935,-20,-13
0.1910804254525098,-19,-13
1.25567136725935,-18,-13
0.15154654432440431,-17,-13
1.0987124463519313,-16,-13
1.25567136725935,-15,-13
1.25567136725935,-14,-13
1.25567136725935,-13,-13
1.25567136725935,-12,-13
1.25567136725935,-11,-13
1.25567136725935,-10,-13
1.25567136725935,-9,-13
0.9766332856461611,-8,-13
1.25567136725935,-7,-13
1.25567136725935,-6,-13
1.25567136725935,-5,-13
0.18701488448543513,-4,-13
1.25567136725935,-3,-13
0.1723470504081461,-2,-13
1.0987124463519313,-1,-13
0.1910804254525098,0,-13
0.878969957081545,1,-13
1.0987124463519313,2,-13
1.0987124463519313,3,-13
1.0987124463519313,4,-13
1.25567136725935,5,-13
1.25567136725935,6,-13
1.25567136725935,7,-13
1.25567136725935,8,-13
1.25567136725935,9,-13
0.25852057561221914,10,-13
0.27467811158798283,11,-13
0.05782697086062796,12,-13
0.0424623167672244,13,-13
0.0424623167672244,14,-13
0.036471782451516395,15,-13
0.03094964637611074,16,-13
0.029795591765476102,17,-13
0.026797864545169057,18,-13
0.02462100720116373,19,-13
0.024759717100888593,20,-13
0.02337686056067939,21,-13
0.021702961903248025,22,-13
0.022252403976747975,23,-13
0.021078416236967507,24,-13
0.01970784657133509,25,-13
0.014528429042670167,-35,-12
0.01706737780740864,-34,-12
0.020681646048977532,-33,-12
0.020927856120989168,-32,-12
0.06709694328866757,-31,-12
1.25567136725935,-30,-12
1.0987124463519313,-29,-12
0.16584338812859342,-28,-12
1.0987124463519313,-27,-12
1.25567136725935,-26,-12
1.25567136725935,-25,-12
1.25567136725935,-24,-12
0.9766332856461611,-23,-12
1.0987124463519313,-22,-12
1.25567136725935,-21,-12
1.25567136725935,-20,-12
1.25567136725935,-19,-12
1.25567136725935,-18,-12
0.18701488448543513,-17,-12
1.25567136725935,-16,-12
0.25113427345187,-15,-12
1.25567136725935,-14,-12
1.25567136725935,-13,-12
0.9766332856461611,-12,-12
1.0987124463519313,-11,-12
1.0987124463519313,-10,-12
1.0987124463519313,-9,-12
1.25567136725935,-8,-12
1.25567136725935,-7,-12
1.25567136725935,-6,-12
1.25567136725935,-5,-12
1.0987124463519313,-4,-12
1.25567136725935,-3,-12
1.25567136725935,-2,-12
1.25567136725935,-1,-12
1.25567136725935,0,-12
0.5170411512244383,1,-12
0.09766332856461611,2,-12
0.09766332856461611,3,-12
0.14409343558713852,4,-12
1.0987124463519313,5,-12
0.18701488448543513,6,-12
0.9766332856461611,7,-12
0.1627722142743602,8,-12
0.5493562231759657,9,-12
0.06415839102785001,10,-12
0.08702672842391536,11,-12
0.04910446687606397,12,-12
0.04013561447860936,13,-12
0.03995317986734296,14,-12
0.0355858282219249,15,-12
0.031962543893874366,16,-12
0.031962543893874366,17,-12
0.028445629679014404,18,-12
0.0226538648732357,19,-12
0.023820324040150272,20,-12
0.023885053181563726,21,-12
0.021974248927038628,22,-12
0.02044116179259407,23,-12
0.020488810188381005,24,-12
0.019275656953542653,25,-12
0.016039597756962502,-35,-11
0.01706737780740864,-34,-11
0.02077943160949279,-33,-11
0.020878146248967815,-32,-11
0.06510888570974407,-31,-11
1.0987124463519313,-30,-11
1.25567136725935,-29,-11
0.18701488448543513,-28,-11
0.878969957081545,-27,-11
1.0987124463519313,-26,-11
1.25567136725935,-25,-11
1.25567136725935,-24,-11
1.25567136725935,-23,-11
1.25567136725935,-22,-11
1.25567136725935,-21,-11
1.25567136725935,-20,-11
1.25567136725935,-19,-11
1.25567136725935,-18,-11
1.25567136725935,-17,-11
1.25567136725935,-16,-11
0.18701488448543513,-15,-11
1.0987124463519313,-14,-11
0.18701488448543513,-13,-11
1.0987124463519313,-12,-11
1.25567136725935,-11,-11
1.25567136725935,-10,-11
1.25567136725935,-9,-11
1.0987124463519313,-8,-11
1.25567136725935,-7,-11
1.25567136725935,-6,-11
1.25567136725935,-5,-11
0.878969957081545,-4,-11
1.0987124463519313,-3,-11
1.25567136725935,-2,-11
0.878969957081545,-1,-11
0.2044116179259407,0,-11
0.2092785612098917,1,-11
0.08878484414965102,2,-11
0.09659010517379617,3,-11
0.06761307362165732,4,-11
0.10103102954960289,5,-11
0.5493562231759657,6,-11
0.5493562231759657,7,-11
0.1690326840541433,8,-11
0.7990635973468592,9,-11
0.5493562231759657,10,-11
0.06975952040329722,11,-11
0.06975952040329722,12,-11
0.047256449305459414,13,-11
0.036471782451516395,14,-11
0.03788663608110108,15,-11
0.033420910915648104,16,-11
0.024759717100888593,17,-11
0.026082194572152672,18,-11
0.024483842815641924,19,-11
0.02350187051020174,20,-11
0.02164950633205776,21,-11
0.021810668910212036,22,-11
0.020681646048977532,23,-11
0.018427043125399268,24,-11
0.01997658993367148,25,-11
0.014576616203674047,-35,-10
0.01706737780740864,-34,-10
0.01804866441645883,-33,-10
0.02817211400902388,-32,-10
0.2663545324489531,-31,-10
0.2835386958327565,-30,-10
0.7990635973468592,-29,-10
1.0987124463519313,-28,-10
1.25567136725935,-27,-10
0.878969957081545,-26,-10
1.25567136725935,-25,-10
1.25567136725935,-24,-10
1.0987124463519313,-23,-10
1.25567136725935,-22,-10
1.0987124463519313,-21,-10
1.25567136725935,-20,-10
1.25567136725935,-19,-10
1.25567136725935,-18,-10
0.18701488448543513,-17,-10
1.25567136725935,-16,-10
1.25567136725935,-15,-10
1.25567136725935,-14,-10
1.25567136725935,-13,-10
1.25567136725935,-12,-10
1.25567136725935,-11,-10
1.25567136725935,-10,-10
1.25567136725935,-9,-10
1.25567136725935,-8,-10
1.25567136725935,-7,-10
1.0987124463519313,-6,-10
1.25567136725935,-5,-10
1.25567136725935,-4,-10
0.9766332856461611,-3,-10
1.0987124463519313,-2,-10
1.25567136725935,-1,-10
0.07778495195411904,0,-10
0.2044116179259407,1,-10
0.10340823024488766,2,-10
0.2092785612098917,3,-10
0.09252315337700474,4,-10
0.09252315337700474,5,-10
0.5493562231759657,6,-10
0.5493562231759657,7,-10
1.25567136725935,8,-10
0.2044116179259407,9,-10
0.2092785612098917,10,-10
0.06975952040329722,11,-10
0.046019369480709164,12,-10
0.04626157668850237,13,-10
0.037724032492770176,14,-10
0.033294316556119134,15,-10
0.033420910915648104,16,-10
0.02482965980456342,17,-10
0.026474998707275453,18,-10
0.026474998707275453,19,-10
0.02497073741708935,20,-10
0.0226538648732357,21,-10
0.021027989403864713,22,-10
0.021078416236967507,23,-10
0.02015986140095287,24,-10
0.019275656953542653,25,-10
0.017474551830647018,-35,-9
0.016647158278059567,-34,-9
0.017100582822598152,-33,-9
0.02112908550676791,-32,-9
0.06709694328866757,-31,-9
0.06921023284106655,-30,-9
1.25567136725935,-29,-9
0.18701488448543513,-28,-9
1.0987124463519313,-27,-9
0.18701488448543513,-26,-9
1.25567136725935,-25,-9
1.25567136725935,-24,-9
1.25567136725935,-23,-9
1.25567136725935,-22,-9
1.25567136725935,-21,-9
1.25567136725935,-20,-9
1.25567136725935,-19,-9
1.25567136725935,-18,-9
0.9766332856461611,-17,-9
1.0987124463519313,-16,-9
1.25567136725935,-15,-9
1.25567136725935,-14,-9
1.25567136725935,-13,-9
1.25567136725935,-12,-9
1.25567136725935,-11,-9
1.25567136725935,-10,-9
1.25567136725935,-9,-9
1.25567136725935,-8,-9
1.25567136725935,-7,-9
1.25567136725935,-6,-9
1.0987124463519313,-5,-9
1.25567136725935,-4,-9
0.9766332856461611,-3,-9
1.25567136725935,-2,-9
1.25567136725935,-1,-9
1.25567136725935,0,-9
0.08533688903704321,1,-9
0.9766332856461611,2,-9
1.0987124463519313,3,-9
0.11877972392993852,4,-9
0.1204068434358281,5,-9
0.13522614724331464,6,-9
0.9766332856461611,7,-9
0.9766332856461611,8,-9
0.27467811158798283,9,-9
0.2663545324489531,10,-9
0.0703175965665236,11,-9
0.046019369480709164,12,-9
0.04626157668850237,13,-9
0.037724032492770176,14,-9
0.03279738645826661,15,-9
0.032920223111668354,16,-9
0.024214048404450277,17,-9
0.026316465780884583,18,-9
0.02337686056067939,19,-9
0.024214048404450277,20,-9
0.022140301185933124,21,-9
0.022252403976747975,22,-9
0.021282565546768644,23,-9
0.020206205909920578,24,-9
0.020252763988054034,25,-9
0.016068920604781444,-35,-8
0.016774235822166892,-34,-8
0.015695892090741875,-33,-8
0.027467811158798282,-32,-8
0.027992673792405894,-31,-8
0.1690326840541433,-30,-8
1.25567136725935,-29,-8
1.25567136725935,-28,-8
0.878969957081545,-27,-8
1.0987124463519313,-26,-8
1.25567136725935,-25,-8
1.25567136725935,-24,-8
1.25567136725935,-23,-8
1.25567136725935,-22,-8
0.9766332856461611,-21,-8
1.0987124463519313,-20,-8
1.25567136725935,-19,-8
0.1910804254525098,-18,-8
1.0987124463519313,-17,-8
0.1910804254525098,-16,-8
1.25567136725935,-15,-8
1.25567136725935,-14,-8
1.25567136725935,-13,-8
1.25567136725935,-12,-8
1.25567136725935,-11,-8
1.25567136725935,-10,-8
1.25567136725935,-9,-8
0.878969957081545,-8,-8
1.0987124463519313,-7,-8
1.25567136725935,-6,-8
1.25567136725935,-5,-8
1.25567136725935,-4,-8
1.25567136725935,-3,-8
1.25567136725935,-2,-8
1.0987124463519313,-1,-8
0.07918648261995902,0,-8
0.07847946045370938,1,-8
0.07778495195411904,2,-8
0.10340823024488766,3,-8
0.1464949928469242,4,-8
0.1464949928469242,5,-8
0.09766332856461611,6,-8
0.0906154594929428,7,-8
0.878969957081545,8,-8
0.4394849785407725,9,-8
0.4626157668850237,10,-8
0.10719145818067623,11,-8
0.04910446687606397,12,-8
0.048831664282308056,13,-8
0.03959324130997951,14,-8
0.03279738645826661,15,-8
0.032920223111668354,16,-8
0.024552233438031985,17,-8
0.02790380816131889,18,-8
0.027128702379060034,19,-8
0.024147526293449042,20,-8
0.024147526293449042,21,-8
0.021974248927038628,22,-8
0.020927856120989168,23,-8
0.020878146248967815,24,-8
0.019489356032850222,25,-8
0.01740534568478307,-35,-7
0.016678746813691556,-34,-7
0.015556990390823807,-33,-7
0.027212692169707276,-32,-7
0.027212692169707276,-31,-7
0.12207916070577014,-30,-7
1.0987124463519313,-29,-7
1.25567136725935,-28,-7
1.25567136725935,-27,-7
0.878969957081545,-26,-7
1.0987124463519313,-25,-7
1.25567136725935,-24,-7
1.25567136725935,-23,-7
0.18701488448543513,-22,-7
1.25567136725935,-21,-7
0.18701488448543513,-20,-7
1.25567136725935,-19,-7
1.25567136725935,-18,-7
0.9766332856461611,-17,-7
1.0987124463519313,-16,-7
1.25567136725935,-15,-7
1.25567136725935,-14,-7
1.25567136725935,-13,-7
1.0987124463519313,-12,-7
1.0987124463519313,-11,-7
1.25567136725935,-10,-7
1.25567136725935,-9,-7
1.25567136725935,-8,-7
1.25567136725935,-7,-7
1.25567136725935,-6,-7
1.25567136725935,-5,-7
1.25567136725935,-4,-7
1.25567136725935,-3,-7
0.627835683629675,-2,-7
0.6761307362165732,-1,-7
0.07918648261995902,0,-7
0.0813861071371801,1,-7
0.0813861071371801,2,-7
0.07577327216220216,3,-7
0.07146097212045081,4,-7
0.08214672496089206,5,-7
0.10220580896297035,6,-7
0.10340823024488766,7,-7
0.9766332856461611,8,-7
0.23130788344251185,9,-7
0.23755944785987704,10,-7
0.06813720597531357,11,-7
0.06761307362165732,12,-7
0.04626157668850237,13,-7
0.03708733996124663,14,-7
0.036776985651947494,15,-7
0.029495636143676007,16,-7
0.02325317346776574,17,-7
0.028353869583275647,18,-7
0.027045229448662927,19,-7
0.023885053181563726,20,-7
0.023950135070341827,21,-7
0.021974248927038628,22,-7
0.020633097584073827,23,-7
0.020730423516074178,24,-7
0.01910804254525098,25,-7
0.017439880100824305,-35,-6
0.016710455457824052,-34,-6
0.015529504542076768,-33,-6
0.01804866441645883,-32,-6
0.02687981520127049,-31,-6
0.11415194247812274,-30,-6
1.25567136725935,-29,-6
1.25567136725935,-28,-6
1.0987124463519313,-27,-6
0.7990635973468592,-26,-6
1.25567136725935,-25,-6
1.25567136725935,-24,-6
1.0987124463519313,-23,-6
1.25567136725935,-22,-6
1.25567136725935,-21,-6
1.25567136725935,-20,-6
1.25567136725935,-19,-6
1.25567136725935,-18,-6
1.25567136725935,-17,-6
0.18701488448543513,-16,-6
1.25567136725935,-15,-6
0.1910804254525098,-14,-6
1.0987124463519313,-13,-6
1.0987124463519313,-12,-6
1.0987124463519313,-11,-6
0.878969957081545,-10,-6
1.25567136725935,-9,-6
1.25567136725935,-8,-6
1.25567136725935,-7,-6
1.25567136725935,-6,-6
1.25567136725935,-5,-6
1.25567136725935,-4,-6
1.25567136725935,-3,-6
0.08451634202707164,-2,-6
0.08451634202707164,-1,-6
0.08451634202707164,0,-6
0.0813861071371801,1,-6
0.0813861071371801,2,-6
0.08214672496089206,3,-6
0.07577327216220216,4,-6
0.0813861071371801,5,-6
0.0813861071371801,6,-6
0.08214672496089206,7,-6
0.15695892090741875,8,-6
0.4394849785407725,9,-6
0.4394849785407725,10,-6
0.0813861071371801,11,-6
0.04910446687606397,12,-6
0.03995317986734296,13,-6
0.036471782451516395,14,-6
0.02900890947463845,15,-6
0.029104965466276327,16,-6
0.029896937315698813,17,-6
0.027382241653630686,18,-6
0.027382241653630686,19,-6
0.024147526293449042,20,-6
0.02164950633205776,21,-6
0.02175668210597884,22,-6
0.019752133867001014,23,-6
0.01966375742911734,24,-6
0.017133917292037917,25,-6
0.017865243030112703,-35,-5
0.01680630893081348,-34,-5
0.0175793991416309,-33,-5
0.02655498359762976,-32,-5
0.026474998707275453,-31,-5
0.10851480951624014,-30,-5
1.0987124463519313,-29,-5
1.25567136725935,-28,-5
1.25567136725935,-27,-5
0.878969957081545,-26,-5
1.25567136725935,-25,-5
0.1910804254525098,-24,-5
1.0987124463519313,-23,-5
1.25567136725935,-22,-5
1.25567136725935,-21,-5
1.25567136725935,-20,-5
1.25567136725935,-19,-5
1.25567136725935,-18,-5
0.878969957081545,-17,-5
1.0987124463519313,-16,-5
1.25567136725935,-15,-5
1.25567136725935,-14,-5
1.25567136725935,-13,-5
1.25567136725935,-12,-5
1.25567136725935,-11,-5
1.25567136725935,-10,-5
1.25567136725935,-9,-5
1.25567136725935,-8,-5
0.9766332856461611,-7,-5
1.25567136725935,-6,-5
1.25567136725935,-5,-5
1.0987124463519313,-4,-5
0.878969957081545,-3,-5
0.23755944785987704,-2,-5
0.24415832141154029,-1,-5
0.08451634202707164,0,-5
0.08371142448395667,1,-5
0.08533688903704321,2,-5
0.06233829482847837,3,-5
0.0813861071371801,4,-5
0.06061861772976173,5,-5
0.0813861071371801,6,-5
0.07643217018100391,7,-5
0.12207916070577014,8,-5
0.013907752485467485,9,-5
0.01580881217772563,10,-5
0.014673955877822121,11,-5
0.014822427606771417,12,-5
0.014847465491242315,13,-5
0.014872588106286718,14,-5
0.023439198855507867,15,-5
0.022029322232620177,16,-5
0.029396988531155355,17,-5
0.02331485297298528,18,-5
0.021810668910212036,19,-5
0.017001353135039556,20,-5
0.019149672267571787,21,-5
0.016935837323343837,22,-5
0.021078416236967507,23,-5
0.02039373450305209,24,-5
0.02044116179259407,25,-5
0.016368155625354656,-35,-4
0.017133917292037917,-34,-4
0.017649999138183634,-33,-4
0.026316465780884583,-32,-4
0.02655498359762976,-31,-4
0.06369347515083659,-30,-4
1.25567136725935,-29,-4
1.25567136725935,-28,-4
0.7990635973468592,-27,-4
1.0987124463519313,-26,-4
1.25567136725935,-25,-4
0.9766332856461611,-24,-4
1.0987124463519313,-23,-4
1.0987124463519313,-22,-4
1.25567136725935,-21,-4
1.0987124463519313,-20,-4
1.25567136725935,-19,-4
1.25567136725935,-18,-4
1.0987124463519313,-17,-4
1.0987124463519313,-16,-4
0.878969957081545,-15,-4
1.0987124463519313,-14,-4
0.18701488448543513,-13,-4
1.0987124463519313,-12,-4
0.18701488448543513,-11,-4
1.25567136725935,-10,-4
1.0987124463519313,-9,-4
0.9766332856461611,-8,-4
0.18701488448543513,-7,-4
1.0987124463519313,-6,-4
0.18701488448543513,-5,-4
1.0987124463519313,-4,-4
1.0987124463519313,-3,-4
0.12738695030167319,-2,-4
0.08371142448395667,-1,-4
0.08451634202707164,0,-4
0.0813861071371801,1,-4
0.0813861071371801,2,-4
0.08451634202707164,3,-4
0.08451634202707164,4,-4
0.08451634202707164,5,-4
0.0813861071371801,6,-4
0.07512563735739701,7,-4
0.07643217018100391,8,-4
0.10987124463519313,9,-4
0.12738695030167319,10,-4
0.12738695030167319,11,-4
0.053595729090338114,12,-4
0.05392453724426657,13,-4
0.034334763948497854,14,-4
0.031059009084153537,15,-4
0.031059009084153537,16,-4
0.030205153164314262,17,-4
0.02337686056067939,18,-4
0.026474998707275453,19,-4
0.023628224652729707,20,-4
0.020633097584073827,21,-4
0.02230888215943008,22,-4
0.021919450301285413,23,-4
0.015447626662241564,24,-4
0.015556990390823807,25,-4
0.016039597756962502,-35,-3
0.01661568916978346,-34,-3
0.017474551830647018,-33,-3
0.019796620654989754,-32,-3
0.041460847032148355,-31,-3
0.041855712241978336,-30,-3
1.25567136725935,-29,-3
0.7990635973468592,-28,-3
1.0987124463519313,-27,-3
1.0987124463519313,-26,-3
0.878969957081545,-25,-3
1.25567136725935,-24,-3
1.25567136725935,-23,-3
1.25567136725935,-22,-3
1.0987124463519313,-21,-3
1.25567136725935,-20,-3
1.25567136725935,-19,-3
1.25567136725935,-18,-3
1.25567136725935,-17,-3
1.25567136725935,-16,-3
0.18701488448543513,-15,-3
1.0987124463519313,-14,-3
0.18701488448543513,-13,-3
1.25567136725935,-12,-3
1.25567136725935,-11,-3
1.25567136725935,-10,-3
0.9766332856461611,-9,-3
1.25567136725935,-8,-3
1.0987124463519313,-7,-3
1.25567136725935,-6,-3
0.878969957081545,-5,-3
1.0987124463519313,-4,-3
1.25567136725935,-3,-3
0.09766332856461611,-2,-3
0.08371142448395667,-1,-3
0.08533688903704321,0,-3
0.08214672496089206,1,-3
0.08063944560381148,2,-3
0.0813861071371801,3,-3
0.08451634202707164,4,-3
0.07918648261995902,5,-3
0.08451634202707164,6,-3
0.08371142448395667,7,-3
0.08451634202707164,8,-3
0.11415194247812274,9,-3
0.08451634202707164,10,-3
0.08371142448395667,11,-3
0.04439242207482551,12,-3
0.029795591765476102,13,-3
0.026005028316022045,14,-3
0.03219670172459872,15,-3
0.031846737575418296,16,-3
0.031962543893874366,17,-3
0.027382241653630686,18,-3
0.0212311583836122,19,-3
0.020252763988054034,20,-3
0.018273803681529005,21,-3
0.016870824512121785,22,-3
0.015667913673467825,23,-3
0.016678746813691556,24,-3
0.016774235822166892,25,-3
0.016710455457824052,-35,-2
0.01690326840541433,-34,-2
0.017234705040814608,-33,-2
0.024214048404450277,-32,-2
0.0813861071371801,-31,-2
0.08451634202707164,-30,-2
0.878969957081545,-29,-2
1.0987124463519313,-28,-2
1.25567136725935,-27,-2
0.878969957081545,-26,-2
1.0987124463519313,-25,-2
1.0987124463519313,-24,-2
0.17579399141630903,-23,-2
1.0987124463519313,-22,-2
0.18701488448543513,-21,-2
0.9766332856461611,-20,-2
1.0987124463519313,-19,-2
1.25567136725935,-18,-2
1.25567136725935,-17,-2
1.0987124463519313,-16,-2
1.0987124463519313,-15,-2
1.25567136725935,-14,-2
1.0987124463519313,-13,-2
1.25567136725935,-12,-2
1.25567136725935,-11,-2
0.878969957081545,-10,-2
1.0987124463519313,-9,-2
1.25567136725935,-8,-2
1.0987124463519313,-7,-2
1.0987124463519313,-6,-2
1.25567136725935,-5,-2
1.0987124463519313,-4,-2
1.25567136725935,-3,-2
1.25567136725935,-2,-2
0.08451634202707164,-1,-2
0.08451634202707164,0,-2
0.06415839102785001,1,-2
0.036931510801745594,2,-2
0.036931510801745594,3,-2
0.02489999878417975,4,-2
0.022196211037412754,5,-2
0.02208467228848103,6,-2
0.022949607234505093,7,-2
0.023628224652729707,8,-2
0.023628224652729707,9,-2
0.020977803271635922,10,-2
0.023820324040150272,11,-2
0.024690167333751265,12,-2
0.025551452240742588,13,-2
0.02547739006033464,14,-2
0.026797864545169057,15,-2
0.027382241653630686,16,-2
0.02729720363607283,17,-2
0.028353869583275647,18,-2
0.030205153164314262,19,-2
0.030205153164314262,20,-2
0.031169147414239186,21,-2
0.02325317346776574,22,-2
0.021974248927038628,23,-2
0.023950135070341827,24,-2
0.026005028316022045,25,-2
0.020878146248967815,-35,-1
0.02369191258979906,-34,-1
0.024147526293449042,-33,-1
0.02369191258979906,-32,-1
0.04165734393751398,-31,-1
0.7990635973468592,-30,-1
0.18311874105865522,-29,-1
1.25567136725935,-28,-1
0.6761307362165732,-27,-1
1.0987124463519313,-26,-1
1.25567136725935,-25,-1
0.9766332856461611,-24,-1
1.0987124463519313,-23,-1
1.0987124463519313,-22,-1
1.25567136725935,-21,-1
1.25567136725935,-20,-1
1.25567136725935,-19,-1
1.0987124463519313,-18,-1
1.25567136725935,-17,-1
1.25567136725935,-16,-1
1.0987124463519313,-15,-1
1.25567136725935,-14,-1
1.25567136725935,-13,-1
1.25567136725935,-12,-1
1.25567136725935,-11,-1
1.0987124463519313,-10,-1
1.25567136725935,-9,-1
1.25567136725935,-8,-1
0.878969957081545,-7,-1
1.0987124463519313,-6,-1
1.25567136725935,-5,-1
1.25567136725935,-4,-1
0.878969957081545,-3,-1
1.25567136725935,-2,-1
1.0987124463519313,-1,-1
1.0987124463519313,0,-1
0.878969957081545,1,-1
1.0987124463519313,2,-1
1.25567136725935,3,-1
1.25567136725935,4,-1
1.0987124463519313,5,-1
1.0987124463519313,6,-1
1.25567136725935,7,-1
1.25567136725935,8,-1
1.25567136725935,9,-1
1.25567136725935,10,-1
1.25567136725935,11,-1
1.0987124463519313,12,-1
1.25567136725935,13,-1
1.25567136725935,14,-1
1.25567136725935,15,-1
1.25567136725935,16,-1
1.25567136725935,17,-1
1.25567136725935,18,-1
1.0987124463519313,19,-1
1.25567136725935,20,-1
1.25567136725935,21,-1
1.25567136725935,22,-1
1.25567136725935,23,-1
0.5493562231759657,24,-1
0.056707739166551294,25,-1
0.03529999827636727,-35,0
0.05425740475812007,-34,0
0.05598534758481179,-33,0
1.0987124463519313,-32,0
1.0987124463519313,-31,0
1.0987124463519313,-30,0
1.25567136725935,-29,0
1.0987124463519313,-28,0
0.627835683629675,-27,0
1.0987124463519313,-26,0
1.0987124463519313,-25,0
1.0987124463519313,-24,0
0.878969957081545,-23,0
1.0987124463519313,-22,0
0.13317726622447654,-21,0
1.0987124463519313,-20,0
0.13317726622447654,-19,0
1.0987124463519313,-18,0
0.13118954583306644,-17,0
0.878969957081545,-16,0
1.0987124463519313,-15,0
1.0987124463519313,-14,0
1.0987124463519313,-13,0
1.0987124463519313,-12,0
1.0987124463519313,-11,0
1.25567136725935,-10,0
1.0987124463519313,-9,0
0.878969957081545,-8,0
0.13522614724331464,-7,0
1.0987124463519313,-6,0
1.25567136725935,-5,0
0.878969957081545,-4,0
0.07264214521335083,-3,0
0.1464949928469242,-2,0
0.08214672496089206,-1,0
0.08063944560381148,0,0
0.08063944560381148,1,0
0.07847946045370938,2,0
0.06463014390305478,3,0
0.06559477291653322,4,0
0.06921023284106655,5,0
0.06975952040329722,6,0
0.06103958035288507,7,0
0.048031145195712846,8,0
0.048031145195712846,9,0
0.04013561447860936,10,0
0.03995317986734296,11,0
0.032920223111668354,12,0
0.03231507195152739,13,0
0.03231507195152739,14,0
0.02900890947463845,15,0
0.026716412069347873,16,0
0.026716412069347873,17,0
0.023950135070341827,18,0
0.02434819825710651,19,0
0.024147526293449042,20,0
0.023191819448061875,21,0
0.023130788344251186,22,0
0.022196211037412754,23,0
0.01894331804055054,24,0
0.022949607234505093,25,0
0.019619865113427344,-35,1
0.019841308286265125,-34,1
0.019796620654989754,-33,1
0.021179998965820363,-32,1
0.021438291636135247,-31,1
0.025113427345187,-30,1
0.034068602987656786,-29,1
0.026635453244895305,-28,1
0.033294316556119134,-27,1
0.10589999482910181,-26,1
0.11877972392993852,-25,1
0.0732474964234621,-24,1
0.11877972392993852,-23,1
0.11877972392993852,-22,1
0.08789699570815451,-21,1
0.04416934457696206,-20,1
0.04416934457696206,-19,1
0.027128702379060034,-18,1
0.026962268622133283,-17,1
0.029495636143676007,-16,1
0.03995317986734296,-15,1
0.03995317986734296,-14,1
0.04165734393751398,-13,1
0.04088232358518814,-12,1
0.04069305356859005,-11,1
0.038050647492707576,-10,1
0.03587632477883857,-9,1
0.03587632477883857,-8,1
0.03279738645826661,-7,1
0.024147526293449042,-6,1
0.030205153164314262,-5,1
0.023130788344251186,-4,1
0.02729720363607283,-3,1
0.02242270298677411,-2,1
0.026716412069347873,-1,1
0.025776245075705133,0,1
0.025852057561221914,1,1
0.02434819825710651,2,1
0.024415832141154028,3,1
0.023628224652729707,4,1
0.02283038849562455,5,1
0.022889842632331903,6,1
0.021974248927038628,7,1
0.021974248927038628,8,1
0.021334222259260804,9,1
0.020633097584073827,10,1
0.020633097584073827,11,1
0.019931291543799207,12,1
0.01910804254525098,13,1
0.01910804254525098,14,1
0.018350103488132465,15,1
0.017001353135039556,16,1
0.01790162845379929,17,1
0.017865243030112703,18,1
0.015259895088221268,19,1
0.01808580158604002,20,1
0.01812309189858856,21,1
0.018160536303337707,22,1
0.018661782528270596,23,1
0.019619865113427344,24,1
0.01966375742911734,25,1
0.019796620654989754,-35,2
0.021543381301018263,-34,2
0.019275656953542653,-33,2
0.019532665712923225,-32,2
0.015695892090741875,-31,2
0.022480050053236448,-30,2
0.02242270298677411,-29,2
0.028818687117427706,-28,2
0.0499414748341787,-27,2
0.05170411512244383,-26,2
0.0906154594929428,-25,2
0.05859799713876967,-24,2
0.06020342171791405,-23,2
0.07386302160349119,-22,2
0.06061861772976173,-21,2
0.06103958035288507,-20,2
0.05634422801804776,-19,2
0.04351336421195768,-18,2
0.05782697086062796,-17,2
0.056707739166551294,-16,2
0.050226854690374,-15,2
0.050226854690374,-14,2
0.048031145195712846,-13,2
0.04777010636312745,-12,2
0.04461776431886016,-11,2
0.04777010636312745,-10,2
0.03587632477883857,-9,2
0.043086762602036525,-8,2
0.032920223111668354,-7,2
0.03724448970684513,-6,2
0.030841051125668248,-5,2
0.036321072606675414,-4,2
0.036321072606675414,-3,2
0.03602335889678463,-2,2
0.034201165645196305,-1,2
0.034469410081629216,0,2
0.033294316556119134,1,2
0.03094964637611074,2,2
0.031059009084153537,3,2
0.029896937315698813,4,2
0.029795591765476102,5,2
0.028724508401357682,6,2
0.027992673792405894,7,2
0.02808210725500144,8,2
0.02790380816131889,9,2
0.027045229448662927,10,2
0.027045229448662927,11,2
0.026474998707275453,12,2
0.026474998707275453,13,2
0.025776245075705133,14,2
0.02497073741708935,15,2
0.02489999878417975,16,2
0.024415832141154028,17,2
0.023820324040150272,18,2
0.023885053181563726,19,2
0.018235891225758197,20,2
0.022480050053236448,21,2
0.02242270298677411,22,2
0.020977803271635922,23,2
0.02112908550676791,24,2
0.021334222259260804,25,2
0.01804866441645883,-35,3
0.01894331804055054,-34,3
0.02077943160949279,-33,3
0.020927856120989168,-32,3
0.02497073741708935,-31,3
0.02969493098248463,-30,3
0.0355858282219249,-29,3
0.05051551477480144,-28,3
0.4185571224197834,-27,3
0.5170411512244383,-26,3
1.0987124463519313,-25,3
0.878969957081545,-24,3
1.0987124463519313,-23,3
1.0987124463519313,-22,3
1.0987124463519313,-21,3
0.08063944560381148,-20,3
0.07847946045370938,-19,3
0.07778495195411904,-18,3
0.07918648261995902,-17,3
0.07778495195411904,-16,3
0.07847946045370938,-15,3
0.07847946045370938,-14,3
0.04777010636312745,-13,3
0.07847946045370938,-12,3
0.07778495195411904,-11,3
0.07512563735739701,-10,3
0.0732474964234621,-9,3
0.06921023284106655,-8,3
0.09155937052932761,-7,3
0.09155937052932761,-6,3
0.06510888570974407,-5,3
0.06658863311223827,-4,3
0.0552811293761978,-3,3
0.03487976020164861,-2,3
0.048031145195712846,-1,3
0.03487976020164861,0,3
0.0424623167672244,1,3
0.034068602987656786,2,3
0.04416934457696206,3,3
0.0351587982832618,4,3
0.048031145195712846,5,3
0.03544233697909456,6,3
0.046019369480709164,7,3
0.04165734393751398,8,3
0.03995317986734296,9,3
0.03995317986734296,10,3
0.036471782451516395,11,3
0.036471782451516395,12,3
0.028445629679014404,13,3
0.03231507195152739,14,3
0.032434315759466606,15,3
0.031962543893874366,16,3
0.030205153164314262,17,3
0.030205153164314262,18,3
0.029104965466276327,19,3
0.02900890947463845,20,3
0.02772775889847145,21,3
0.02615982015123646,22,3
0.026082194572152672,23,3
0.02497073741708935,24,3
0.019403310310850883,25,3
0.021438291636135247,-35,4
0.02164950633205776,-34,4
0.02208467228848103,-33,4
0.026316465780884583,-32,4
0.034469410081629216,-31,4
0.034334763948497854,-30,4
0.05820993093255265,-29,4
0.08292169406429671,-28,4
0.05327090648979061,-27,4
1.0987124463519313,-26,4
1.0987124463519313,-25,4
1.25567136725935,-24,4
0.12926028780610957,-23,4
1.0987124463519313,-22,4
0.11565394172125593,-21,4
1.0987124463519313,-20,4
1.25567136725935,-19,4
1.0987124463519313,-18,4
1.0987124463519313,-17,4
1.0987124463519313,-16,4
0.09252315337700474,-15,4
0.09252315337700474,-14,4
0.06369347515083659,-13,4
0.03380653681082866,-12,4
0.03380653681082866,-11,4
0.021864924305511072,-10,4
0.025700875938056873,-9,4
0.025700875938056873,-8,4
0.06146643056514301,-7,4
0.11126201988373988,-6,4
0.11126201988373988,-5,4
0.07778495195411904,-4,4
0.08063944560381148,-3,4
0.04910446687606397,-2,4
0.05782697086062796,-1,4
0.042876583272270494,0,4
0.051401751876113747,1,4
0.04777010636312745,2,4
0.04675372112135878,3,4
0.035018723389702994,4,4
0.04329901266411552,5,4
0.03487976020164861,6,4
0.036931510801745594,7,4
0.03267546308853327,8,4
0.03708733996124663,9,4
0.030414185366143428,10,4
0.03316867762571868,11,4
0.03267546308853327,12,4
0.032920223111668354,13,4
0.030626130908764638,14,4
0.030101710858957024,15,4
0.030205153164314262,16,4
0.029896937315698813,17,4
0.02863094322741189,18,4
0.028724508401357682,19,4
0.027045229448662927,20,4
0.027128702379060034,21,4
0.025185385589729086,22,4
0.024015572597856423,23,4
0.023130788344251186,24,4
0.019532665712923225,25,4
0.020488810188381005,-35,5
0.018235891225758197,-34,5
0.021864924305511072,-33,5
0.021974248927038628,-32,5
0.026962268622133283,-31,5
0.03788663608110108,-30,5
0.038050647492707576,-29,5
0.053595729090338114,-28,5
0.053595729090338114,-27,5
0.053595729090338114,-26,5
0.14409343558713852,-25,5
1.0987124463519313,-24,5
0.14409343558713852,-23,5
1.0987124463519313,-22,5
0.14409343558713852,-21,5
1.0987124463519313,-20,5
0.1464949928469242,-19,5
1.0987124463519313,-18,5
0.08702672842391536,-17,5
0.07577327216220216,-16,5
0.07512563735739701,-15,5
0.06510888570974407,-14,5
0.06061861772976173,-13,5
0.06103958035288507,-12,5
0.04700374102040348,-11,5
0.030101710858957024,-10,5
0.030309308864880865,-9,5
0.017133917292037917,-8,5
0.02208467228848103,-7,5
0.020252763988054034,-6,5
0.0355858282219249,-5,5
0.029396988531155355,-4,5
0.06658863311223827,-3,5
0.06709694328866757,-2,5
0.06761307362165732,-1,5
0.06415839102785001,0,5
0.06103958035288507,1,5
0.06061861772976173,2,5
0.05634422801804776,3,5
0.05634422801804776,4,5
0.05170411512244383,5,5
0.04910446687606397,6,5
0.04910446687606397,7,5
0.046019369480709164,8,5
0.046019369480709164,9,5
0.04329901266411552,10,5
0.04165734393751398,11,5
0.041855712241978336,12,5
0.03941569314267018,13,5
0.037562818678698505,14,5
0.037562818678698505,15,5
0.036321072606675414,16,5
0.034741895536819965,17,5
0.03487976020164861,18,5
0.03393706397998243,19,5
0.032920223111668354,20,5
0.03267546308853327,21,5
0.03094964637611074,22,5
0.025776245075705133,23,5
0.029795591765476102,24,5
0.029795591765476102,25,5
0.027045229448662927,-35,6
0.0276405646880989,-34,6
0.02808210725500144,-33,6
0.033548471644333784,-32,6
0.07264214521335083,-31,6
0.0732474964234621,-30,6
0.07643217018100391,-29,6
1.25567136725935,-28,6
0.11126201988373988,-27,6
1.0987124463519313,-26,6
0.17938162389419288,-25,6
1.0987124463519313,-24,6
0.18701488448543513,-23,6
1.25567136725935,-22,6
0.18311874105865522,-21,6
0.878969957081545,-20,6
1.0987124463519313,-19,6
1.0987124463519313,-18,6
0.18701488448543513,-17,6
1.0987124463519313,-16,6
1.0987124463519313,-15,6
1.25567136725935,-14,6
0.10719145818067623,-13,6
0.15695892090741875,-12,6
0.15695892090741875,-11,6
0.1204068434358281,-10,6
0.11877972392993852,-9,6
0.0703175965665236,-8,6
0.02325317346776574,-7,6
0.022889842632331903,-6,6
0.10719145818067623,-5,6
0.2092785612098917,-4,6
0.2092785612098917,-3,6
0.17938162389419288,-2,6
0.2092785612098917,-1,6
0.27467811158798283,0,6
0.07386302160349119,1,6
0.0703175965665236,2,6
0.08063944560381148,3,6
0.0813861071371801,4,6
0.07643217018100391,5,6
0.06658863311223827,6,6
0.06866952789699571,7,6
0.06709694328866757,8,6
0.07847946045370938,9,6
0.07448897941369026,10,6
1.0987124463519313,11,6
1.25567136725935,12,6
1.25567136725935,13,6
1.0987124463519313,14,6
1.25567136725935,15,6
1.25567136725935,16,6
0.18701488448543513,17,6
1.25567136725935,18,6
1.25567136725935,19,6
1.25567136725935,20,6
0.04439242207482551,21,6
0.05634422801804776,22,6
0.04031972280190574,23,6
0.05392453724426657,24,6
0.0552811293761978,25,6
0.048031145195712846,-35,7
0.04965931960912684,-34,7
0.09876066933500506,-33,7
1.0987124463519313,-32,7
1.0987124463519313,-31,7
1.25567136725935,-30,7
1.25567136725935,-29,7
1.25567136725935,-28,7
1.25567136725935,-27,7
0.9766332856461611,-26,7
1.0987124463519313,-25,7
1.25567136725935,-24,7
1.0987124463519313,-23,7
0.9766332856461611,-22,7
1.0987124463519313,-21,7
1.25567136725935,-20,7
1.25567136725935,-19,7
0.878969957081545,-18,7
1.0987124463519313,-17,7
1.0987124463519313,-16,7
1.25567136725935,-15,7
1.0987124463519313,-14,7
1.25567136725935,-13,7
1.25567136725935,-12,7
1.25567136725935,-11,7
1.25567136725935,-10,7
1.25567136725935,-9,7
1.25567136725935,-8,7
1.25567136725935,-7,7
1.25567136725935,-6,7
1.0987124463519313,-5,7
1.25567136725935,-4,7
1.25567136725935,-3,7
0.18701488448543513,-2,7
0.1690326840541433,-1,7
0.08371142448395667,0,7
0.08451634202707164,1,7
0.08451634202707164,2,7
0.09451289861091883,3,7
0.10220580896297035,4,7
1.0987124463519313,5,7
1.0987124463519313,6,7
1.25567136725935,7,7
0.03487976020164861,8,7
0.03487976020164861,9,7
0.030309308864880865,10,7
0.03889247597705952,11,7
0.03788663608110108,12,7
0.024415832141154028,13,7
0.024415832141154028,14,7
0.022252403976747975,15,7
0.019841308286265125,16,7
0.019886198124016857,17,7
0.018701488448543514,18,7
0.019233478273119147,19,7
0.01931802103475923,20,7
0.020252763988054034,21,7
0.018821626489968844,22,7
0.021078416236967507,23,7
0.021702961903248025,24,7
0.019025323746353788,25,7
0.02271240199177119,-35,8
0.01906659342910076,-34,8
0.021596313441807003,-33,8
0.019233478273119147,-32,8
0.01910804254525098,-31,8
0.07512563735739701,-30,8
1.25567136725935,-29,8
1.0987124463519313,-28,8
1.0987124463519313,-27,8
1.0987124463519313,-26,8
1.0987124463519313,-25,8
0.878969957081545,-24,8
1.0987124463519313,-23,8
1.25567136725935,-22,8
1.25567136725935,-21,8
1.25567136725935,-20,8
1.25567136725935,-19,8
1.0987124463519313,-18,8
1.25567136725935,-17,8
1.25567136725935,-16,8
1.25567136725935,-15,8
1.0987124463519313,-14,8
1.0987124463519313,-13,8
1.25567136725935,-12,8
1.25567136725935,-11,8
1.25567136725935,-10,8
0.9766332856461611,-9,8
1.0987124463519313,-8,8
1.25567136725935,-7,8
1.25567136725935,-6,8
1.25567136725935,-5,8
0.9766332856461611,-4,8
1.0987124463519313,-3,8
1.25567136725935,-2,8
1.25567136725935,-1,8
1.0987124463519313,0,8
1.25567136725935,1,8
1.25567136725935,2,8
1.0987124463519313,3,8
1.25567136725935,4,8
1.25567136725935,5,8
1.0987124463519313,6,8
1.25567136725935,7,8
0.9766332856461611,8,8
1.25567136725935,9,8
0.029594948049883673,10,8
0.02863094322741189,11,8
0.028724508401357682,12,8
0.025551452240742588,13,8
0.025551452240742588,14,8
0.021702961903248025,15,8
0.01808580158604002,16,8
0.018235891225758197,17,8
0.01609835086229936,18,8
0.01812309189858856,19,8
0.01720097763368973,20,8
0.02077943160949279,21,8
0.02164950633205776,22,8
0.02175668210597884,23,8
0.021974248927038628,24,8
0.021974248927038628,25,8
0.022949607234505093,-35,9
0.021810668910212036,-34,9
0.021543381301018263,-33,9
0.019796620654989754,-32,9
0.019931291543799207,-31,9
0.04165734393751398,-30,9
1.0987124463519313,-29,9
0.1464949928469242,-28,9
1.0987124463519313,-27,9
1.25567136725935,-26,9
1.0987124463519313,-25,9
0.1627722142743602,-24,9
1.0987124463519313,-23,9
0.16584338812859342,-22,9
0.878969957081545,-21,9
1.25567136725935,-20,9
1.25567136725935,-19,9
1.25567136725935,-18,9
1.25567136725935,-17,9
1.25567136725935,-16,9
1.25567136725935,-15,9
1.25567136725935,-14,9
1.25567136725935,-13,9
1.25567136725935,-12,9
1.25567136725935,-11,9
1.25567136725935,-10,9
1.25567136725935,-9,9
1.25567136725935,-8,9
1.25567136725935,-7,9
0.1690326840541433,-6,9
1.0987124463519313,-5,9
0.1690326840541433,-4,9
0.020927856120989168,-3,9
0.018350103488132465,-2,9
0.014131349792307799,-1,9
0.015695892090741875,0,9
0.015640034823515038,1,9
0.01618729202728444,2,9
0.016127889120762295,3,9
1.0987124463519313,4,9
1.0987124463519313,5,9
0.1690326840541433,6,9
1.25567136725935,7,9
1.0987124463519313,8,9
0.056707739166551294,9,9
0.05707597123906137,10,9
0.029104965466276327,11,9
0.02271240199177119,12,9
0.027992673792405894,13,9
0.025928317318039677,14,9
0.035018723389702994,15,9
0.029795591765476102,16,9
0.03139178418148375,17,9
0.02729720363607283,18,9
0.027382241653630686,19,9
0.02408136868716562,20,9
0.024147526293449042,21,9
0.02015986140095287,22,9
0.020346526784295025,23,9
0.02029953711504723,24,9
0.01944623798852976,25,9
0.017756968829930202,-35,10
0.016678746813691556,-34,10
0.018011679448392316,-33,10
0.01601038173190428,-32,10
0.029998974644421333,-31,10
1.0987124463519313,-30,10
1.25567136725935,-29,10
1.25567136725935,-28,10
1.0987124463519313,-27,10
0.878969957081545,-26,10
1.0987124463519313,-25,10
1.25567136725935,-24,10
1.0987124463519313,-23,10
1.25567136725935,-22,10
1.0987124463519313,-21,10
1.25567136725935,-20,10
1.25567136725935,-19,10
1.25567136725935,-18,10
1.0987124463519313,-17,10
1.25567136725935,-16,10
1.25567136725935,-15,10
1.25567136725935,-14,10
0.9766332856461611,-13,10
1.0987124463519313,-12,10
0.1690326840541433,-11,10
1.25567136725935,-10,10
1.25567136725935,-9,10
1.25567136725935,-8,10
1.25567136725935,-7,10
0.878969957081545,-6,10
1.0987124463519313,-5,10
1.25567136725935,-4,10
1.25567136725935,-3,10
1.25567136725935,-2,10
1.25567136725935,-1,10
1.25567136725935,0,10
0.16584338812859342,1,10
0.878969957081545,2,10
1.0987124463519313,3,10
1.25567136725935,4,10
0.16584338812859342,5,10
1.0987124463519313,6,10
0.16584338812859342,7,10
1.0987124463519313,8,10
1.25567136725935,9,10
0.05392453724426657,10,10
0.05201005663204409,11,10
0.03941569314267018,12,10
0.03267546308853327,13,10
0.03941569314267018,14,10
0.03821608509050196,15,10
0.032434315759466606,16,10
0.032434315759466606,17,10
0.02808210725500144,18,10
0.02489999878417975,19,10
0.02504187911913234,20,10
0.0226538648732357,21,10
0.019886198124016857,22,10
0.021596313441807003,23,10
0.017685512214920422,24,10
0.019532665712923225,25,10
