38.75271322056602,-35,-30
43.851852562748675,-34,-30
46.945281755802434,-33,-30
48.247645842201216,-32,-30
108.13884752974192,-31,-30
2605.657269354592,-30,-30
2605.657269354592,-29,-30
1904.7037461487248,-28,-30
2605.657269354592,-27,-30
2971.5385364181384,-26,-30
2091.9814929470135,-25,-30
2605.657269354592,-24,-30
2971.5385364181384,-23,-30
456.261207959417,-22,-30
2605.657269354592,-21,-30
2320.5087420085197,-20,-30
2971.5385364181384,-19,-30
2971.5385364181384,-18,-30
2091.9814929470135,-17,-30
2605.657269354592,-16,-30
2605.657269354592,-15,-30
2971.5385364181384,-14,-30
2605.657269354592,-13,-30
2971.5385364181384,-12,-30
2605.657269354592,-11,-30
2971.5385364181384,-10,-30
456.261207959417,-9,-30
2605.657269354592,-8,-30
446.9062831879762,-7,-30
2605.657269354592,-6,-30
2971.5385364181384,-5,-30
2971.5385364181384,-4,-30
2971.5385364181384,-3,-30
2971.5385364181384,-2,-30
2971.5385364181384,-1,-30
2971.5385364181384,0,-30
2320.5087420085197,1,-30
2605.657269354592,2,-30
2971.5385364181384,3,-30
2971.5385364181384,4,-30
2320.5087420085197,5,-30
2605.657269354592,6,-30
1502.33868721452,7,-30
2091.9814929470135,8,-30
2091.9814929470135,9,-30
421.0258728384939,10,-30
787.2195922205777,11,-30
817.0037760152707,12,-30
291.8998191666065,13,-30
295.83403957611665,14,-30
75.11109010254906,15,-30
62.91581942512644,16,-30
69.52957136983846,17,-30
58.9621075682587,18,-30
61.708487349864946,19,-30
56.5932126239936,20,-30
56.73563355191409,21,-30
50.28776395112152,22,-30
51.31611245024075,23,-30
51.31611245024075,24,-30
43.100582907399755,25,-30
41.52055413849569,-35,-29
43.43125218631355,-34,-29
48.144882841764485,-33,-29
48.35085205622705,-32,-29
119.11791973092606,-31,-29
2605.657269354592,-30,-29
2971.5385364181384,-29,-29
1904.7037461487248,-28,-29
2605.657269354592,-27,-29
2971.5385364181384,-26,-29
2971.5385364181384,-25,-29
2971.5385364181384,-24,-29
2971.5385364181384,-23,-29
2971.5385364181384,-22,-29
2971.5385364181384,-21,-29
2320.5087420085197,-20,-29
2605.657269354592,-19,-29
456.261207959417,-18,-29
2605.657269354592,-17,-29
456.261207959417,-16,-29
2605.657269354592,-15,-29
2605.657269354592,-14,-29
2971.5385364181384,-13,-29
2971.5385364181384,-12,-29
2605.657269354592,-11,-29
2971.5385364181384,-10,-29
2320.5087420085197,-9,-29
2605.657269354592,-8,-29
2971.5385364181384,-7,-29
2971.5385364181384,-6,-29
2971.5385364181384,-5,-29
2605.657269354592,-4,-29
446.9062831879762,-3,-29
2971.5385364181384,-2,-29
456.261207959417,-1,-29
2605.657269354592,0,-29
446.9062831879762,1,-29
2971.5385364181384,2,-29
2605.657269354592,3,-29
2971.5385364181384,4,-29
456.261207959417,5,-29
2971.5385364181384,6,-29
456.261207959417,7,-29
1008.0778031812433,8,-29
1112.408490101235,9,-29
421.0258728384939,10,-29
1748.4108465610896,11,-29
1748.4108465610896,12,-29
159.2299651580863,13,-29
79.64485856918158,14,-29
84.12970527668186,15,-29
75.8729791563622,16,-29
65.67045354476043,17,-29
57.75318147275834,18,-29
60.06256760649542,19,-29
57.16726565876479,20,-29
57.312618184812045,21,-29
54.80524143670622,22,-29
52.26646536712826,23,-29
52.26646536712826,24,-29
49.300136410769376,25,-29
41.75007319760377,-35,-28
38.4245264494231,-34,-28
48.35085205622705,-33,-28
116.01641007322796,-32,-28
117.85746647621451,-31,-28
2605.657269354592,-30,-28
1904.7037461487248,-29,-28
2605.657269354592,-28,-28
456.261207959417,-27,-28
2971.5385364181384,-26,-28
2971.5385364181384,-25,-28
2971.5385364181384,-24,-28
2605.657269354592,-23,-28
2971.5385364181384,-22,-28
2971.5385364181384,-21,-28
2971.5385364181384,-20,-28
2605.657269354592,-19,-28
2971.5385364181384,-18,-28
2971.5385364181384,-17,-28
2971.5385364181384,-16,-28
2971.5385364181384,-15,-28
456.261207959417,-14,-28
2971.5385364181384,-13,-28
2971.5385364181384,-12,-28
2971.5385364181384,-11,-28
2971.5385364181384,-10,-28
2605.657269354592,-9,-28
2971.5385364181384,-8,-28
2971.5385364181384,-7,-28
2971.5385364181384,-6,-28
2605.657269354592,-5,-28
2971.5385364181384,-4,-28
2971.5385364181384,-3,-28
2971.5385364181384,-2,-28
2971.5385364181384,-1,-28
2605.657269354592,0,-28
2971.5385364181384,1,-28
2971.5385364181384,2,-28
2971.5385364181384,3,-28
2320.5087420085197,4,-28
2605.657269354592,5,-28
2971.5385364181384,6,-28
2971.5385364181384,7,-28
2320.5087420085197,8,-28
2605.657269354592,9,-28
421.0258728384939,10,-28
456.261207959417,11,-28
466.0195452874036,12,-28
326.6830529774106,13,-28
82.57921629841033,14,-28
71.29481253821224,15,-28
75.61729059705165,16,-28
64.91237947387684,17,-28
65.10023912089035,18,-28
60.223166201302256,19,-28
57.02265448323189,20,-28
57.16726565876479,21,-28
55.343137382137066,22,-28
53.76046139070868,23,-28
47.738206211691804,24,-28
50.96865024362386,25,-28
41.444612069383076,-35,-27
43.514720320760986,-34,-27
47.8392246790867,-33,-27
118.48431372580264,-32,-27
120.4058512342062,-31,-27
456.261207959417,-30,-27
2971.5385364181384,-29,-27
2971.5385364181384,-28,-27
2971.5385364181384,-27,-27
2091.9814929470135,-26,-27
2605.657269354592,-25,-27
2971.5385364181384,-24,-27
2971.5385364181384,-23,-27
2605.657269354592,-22,-27
2971.5385364181384,-21,-27
2971.5385364181384,-20,-27
2971.5385364181384,-19,-27
2971.5385364181384,-18,-27
2971.5385364181384,-17,-27
2971.5385364181384,-16,-27
2971.5385364181384,-15,-27
2971.5385364181384,-14,-27
2971.5385364181384,-13,-27
2971.5385364181384,-12,-27
2971.5385364181384,-11,-27
2971.5385364181384,-10,-27
2971.5385364181384,-9,-27
2971.5385364181384,-8,-27
2971.5385364181384,-7,-27
2320.5087420085197,-6,-27
2605.657269354592,-5,-27
2971.5385364181384,-4,-27
2971.5385364181384,-3,-27
2971.5385364181384,-2,-27
2605.657269354592,-1,-27
2971.5385364181384,0,-27
2091.9814929470135,1,-27
2971.5385364181384,2,-27
2605.657269354592,3,-27
2605.657269354592,4,-27
2971.5385364181384,5,-27
2320.5087420085197,6,-27
2971.5385364181384,7,-27
497.99488018844545,8,-27
509.6599841733629,9,-27
197.61842603443205,10,-27
562.4070797612605,11,-27
273.71133338363666,12,-27
364.7870888857118,13,-27
80.21479305850019,14,-27
80.5028553017398,15,-27
76.91340739550019,16,-27
68.67958470862533,17,-27
69.1019430801726,18,-27
61.708487349864946,19,-27
57.16726565876479,20,-27
50.62589921812099,21,-27
53.88885767144074,22,-27
51.31611245024075,23,-27
51.432996987948265,24,-27
48.76816705223381,25,-27
41.596777302418836,-35,-26
42.937144438197684,-34,-26
42.613987712046864,-33,-26
109.73478634946466,-32,-26
110.82539578267462,-31,-26
2971.5385364181384,-30,-26
2971.5385364181384,-29,-26
2971.5385364181384,-28,-26
2605.657269354592,-27,-26
2091.9814929470135,-26,-26
2605.657269354592,-25,-26
456.261207959417,-24,-26
2971.5385364181384,-23,-26
2605.657269354592,-22,-26
2971.5385364181384,-21,-26
2971.5385364181384,-20,-26
2971.5385364181384,-19,-26
2971.5385364181384,-18,-26
2971.5385364181384,-17,-26
2971.5385364181384,-16,-26
2605.657269354592,-15,-26
2971.5385364181384,-14,-26
456.261207959417,-13,-26
2971.5385364181384,-12,-26
2971.5385364181384,-11,-26
2971.5385364181384,-10,-26
2971.5385364181384,-9,-26
2971.5385364181384,-8,-26
2971.5385364181384,-7,-26
2091.9814929470135,-6,-26
2605.657269354592,-5,-26
2971.5385364181384,-4,-26
2320.5087420085197,-3,-26
2605.657269354592,-2,-26
2971.5385364181384,-1,-26
2971.5385364181384,0,-26
2971.5385364181384,1,-26
2971.5385364181384,2,-26
2971.5385364181384,3,-26
2971.5385364181384,4,-26
2971.5385364181384,5,-26
2971.5385364181384,6,-26
2971.5385364181384,7,-26
2320.5087420085197,8,-26
2320.5087420085197,9,-26
317.2262139881092,10,-26
347.41168026265353,11,-26
364.7870888857118,12,-26
230.67473491994707,13,-26
228.28522837149106,14,-26
75.11109010254906,15,-26
65.67045354476043,16,-26
69.96256910067856,17,-26
66.44659218373074,18,-26
62.39260790045698,19,-26
57.60557027152624,20,-26
57.75318147275834,21,-26
49.95415158305503,22,-26
50.39996862858814,23,-26
50.28776395112152,24,-26
47.8392246790867,25,-26
41.21845692606988,-35,-25
43.100582907399755,-34,-25
47.8392246790867,-33,-25
47.738206211691804,-32,-25
87.75641964016376,-31,-25
2605.657269354592,-30,-25
2971.5385364181384,-29,-25
1904.7037461487248,-28,-25
2605.657269354592,-27,-25
2971.5385364181384,-26,-25
2971.5385364181384,-25,-25
2605.657269354592,-24,-25
2971.5385364181384,-23,-25
2971.5385364181384,-22,-25
2605.657269354592,-21,-25
2971.5385364181384,-20,-25
2971.5385364181384,-19,-25
446.9062831879762,-18,-25
2971.5385364181384,-17,-25
2971.5385364181384,-16,-25
2971.5385364181384,-15,-25
2971.5385364181384,-14,-25
2605.657269354592,-13,-25
2971.5385364181384,-12,-25
2971.5385364181384,-11,-25
2971.5385364181384,-10,-25
2971.5385364181384,-9,-25
2605.657269354592,-8,-25
2605.657269354592,-7,-25
2971.5385364181384,-6,-25
2971.5385364181384,-5,-25
2971.5385364181384,-4,-25
456.261207959417,-3,-25
2605.657269354592,-2,-25
456.261207959417,-1,-25
2971.5385364181384,0,-25
421.0258728384939,1,-25
2605.657269354592,2,-25
2971.5385364181384,3,-25
2971.5385364181384,4,-25
1748.4108465610896,5,-25
1904.7037461487248,6,-25
2091.9814929470135,7,-25
295.83403957611665,8,-25
341.98474790492327,9,-25
160.38197318732884,10,-25
185.97858975195032,11,-25
194.1454888870984,12,-25
159.2299651580863,13,-25
79.92880158369064,14,-25
80.21479305850019,15,-25
65.10023912089035,16,-25
69.52957136983846,17,-25
69.52957136983846,18,-25
62.91581942512644,19,-25
57.75318147275834,20,-25
53.88885767144074,21,-25
54.54022678734811,22,-25
52.145734924603914,23,-25
52.26646536712826,24,-25
44.54216823287198,25,-25
41.982164828972834,-35,-24
43.18277344320895,-34,-24
48.042560198389346,-33,-24
84.12970527668186,-32,-24
84.12970527668186,-31,-24
1502.33868721452,-30,-24
2971.5385364181384,-29,-24
2971.5385364181384,-28,-24
2320.5087420085197,-27,-24
2971.5385364181384,-26,-24
2971.5385364181384,-25,-24
2320.5087420085197,-24,-24
2605.657269354592,-23,-24
2971.5385364181384,-22,-24
2971.5385364181384,-21,-24
2971.5385364181384,-20,-24
2971.5385364181384,-19,-24
456.261207959417,-18,-24
2605.657269354592,-17,-24
456.261207959417,-16,-24
2971.5385364181384,-15,-24
2971.5385364181384,-14,-24
2091.9814929470135,-13,-24
2971.5385364181384,-12,-24
2605.657269354592,-11,-24
2971.5385364181384,-10,-24
2605.657269354592,-9,-24
2971.5385364181384,-8,-24
2971.5385364181384,-7,-24
2971.5385364181384,-6,-24
2971.5385364181384,-5,-24
2320.5087420085197,-4,-24
2971.5385364181384,-3,-24
2971.5385364181384,-2,-24
446.9062831879762,-1,-24
2971.5385364181384,0,-24
2971.5385364181384,1,-24
2605.657269354592,2,-24
111.9380826993837,3,-24
148.56536721817733,4,-24
111.37893775490089,5,-24
156.97528300536584,6,-24
159.2299651580863,7,-24
152.65364451822262,8,-24
104.10315751610364,9,-24
104.59093661559379,10,-24
108.66560207832646,11,-24
114.82091536370751,12,-24
114.82091536370751,13,-24
54.93872482922981,14,-24
75.8729791563622,15,-24
66.64352553556435,16,-24
77.98300846660402,17,-24
65.86276958425921,18,-24
65.67045354476043,19,-24
60.223166201302256,20,-24
55.343137382137066,21,-24
52.145734924603914,22,-24
46.27293885673518,23,-24
50.06485879062014,24,-24
47.738206211691804,25,-24
41.75007319760377,-35,-23
43.43125218631355,-34,-23
43.93696014165348,-33,-23
60.06256760649542,-32,-23
75.36333343697814,-31,-23
2605.657269354592,-30,-23
2605.657269354592,-29,-23
2971.5385364181384,-28,-23
2971.5385364181384,-27,-23
2971.5385364181384,-26,-23
2971.5385364181384,-25,-23
2605.657269354592,-24,-23
2971.5385364181384,-23,-23
2971.5385364181384,-22,-23
2971.5385364181384,-21,-23
456.261207959417,-20,-23
2971.5385364181384,-19,-23
2091.9814929470135,-18,-23
2605.657269354592,-17,-23
2971.5385364181384,-16,-23
2971.5385364181384,-15,-23
2971.5385364181384,-14,-23
2605.657269354592,-13,-23
2971.5385364181384,-12,-23
2605.657269354592,-11,-23
2605.657269354592,-10,-23
2971.5385364181384,-9,-23
2971.5385364181384,-8,-23
456.261207959417,-7,-23
2971.5385364181384,-6,-23
456.261207959417,-5,-23
2605.657269354592,-4,-23
456.261207959417,-3,-23
2971.5385364181384,-2,-23
2971.5385364181384,-1,-23
2971.5385364181384,0,-23
1057.6557198478954,1,-23
148.56536721817733,2,-23
139.24915876516937,3,-23
160.38197318732884,4,-23
148.56536721817733,5,-23
149.56660235201872,6,-23
112.50291635245964,7,-23
111.9380826993837,8,-23
93.24218181872236,9,-23
90.59855374309976,10,-23
90.59855374309976,11,-23
48.144882841764485,12,-23
55.616097117056846,13,-23
64.17174493095622,14,-23
64.35530170411718,15,-23
76.91340739550019,16,-23
70.18111329583381,17,-23
70.40103832109732,18,-23
54.54022678734811,19,-23
57.75318147275834,20,-23
53.378946822707604,21,-23
53.76046139070868,22,-23
51.31611245024075,23,-23
51.08394272684265,24,-23
49.192808549088134,25,-23
41.596777302418836,-35,-22
44.89560914838518,-34,-22
43.18277344320895,-33,-22
68.05571654613432,-32,-22
68.47035131253642,-31,-22
201.2189427353569,-30,-22
2605.657269354592,-29,-22
2971.5385364181384,-28,-22
2971.5385364181384,-27,-22
456.261207959417,-26,-22
2971.5385364181384,-25,-22
2091.9814929470135,-24,-22
2605.657269354592,-23,-22
2971.5385364181384,-22,-22
2971.5385364181384,-21,-22
2971.5385364181384,-20,-22
2971.5385364181384,-19,-22
2971.5385364181384,-18,-22
2320.5087420085197,-17,-22
2605.657269354592,-16,-22
456.261207959417,-15,-22
2971.5385364181384,-14,-22
413.0575340906069,-13,-22
2605.657269354592,-12,-22
2971.5385364181384,-11,-22
2971.5385364181384,-10,-22
2971.5385364181384,-9,-22
2971.5385364181384,-8,-22
2605.657269354592,-7,-22
2605.657269354592,-6,-22
2605.657269354592,-5,-22
2091.9814929470135,-4,-22
2605.657269354592,-3,-22
2971.5385364181384,-2,-22
2971.5385364181384,-1,-22
308.3055670232087,0,-22
317.2262139881092,1,-22
125.14352914257753,2,-22
114.82091536370751,3,-22
94.82386673172537,4,-22
82.57921629841033,5,-22
95.22777780614483,6,-22
95.63517293169141,7,-22
66.8416392690932,8,-22
55.89178496453877,9,-22
56.0306647784104,10,-22
59.11682084087448,11,-22
64.91237947387684,12,-22
64.7256096580652,13,-22
74.86054325751111,14,-22
70.84508368552551,15,-22
81.37969464238716,16,-22
80.21479305850019,17,-22
68.67958470862533,18,-22
60.06256760649542,19,-22
59.90283018604204,20,-22
56.0306647784104,21,-22
53.76046139070868,22,-22
53.88885767144074,23,-22
51.31611245024075,24,-22
49.300136410769376,25,-22
41.827149099670194,-35,-21
44.02240141773139,-34,-21
43.851852562748675,-33,-21
54.40868601200774,-32,-21
64.53992019202013,-31,-21
2605.657269354592,-30,-21
2971.5385364181384,-29,-21
2971.5385364181384,-28,-21
2091.9814929470135,-27,-21
2971.5385364181384,-26,-21
2971.5385364181384,-25,-21
2605.657269354592,-24,-21
2971.5385364181384,-23,-21
2971.5385364181384,-22,-21
2971.5385364181384,-21,-21
2605.657269354592,-20,-21
2971.5385364181384,-19,-21
2971.5385364181384,-18,-21
2971.5385364181384,-17,-21
2971.5385364181384,-16,-21
2971.5385364181384,-15,-21
2971.5385364181384,-14,-21
2320.5087420085197,-13,-21
2605.657269354592,-12,-21
2971.5385364181384,-11,-21
1904.7037461487248,-10,-21
2605.657269354592,-9,-21
456.261207959417,-8,-21
2971.5385364181384,-7,-21
2971.5385364181384,-6,-21
2971.5385364181384,-5,-21
2091.9814929470135,-4,-21
2605.657269354592,-3,-21
787.2195922205777,-2,-21
135.84422365190196,-1,-21
141.9179891117173,0,-21
78.25511167955939,1,-21
75.8729791563622,2,-21
75.8729791563622,3,-21
53.00285207630793,4,-21
53.25298545061037,5,-21
54.0178737411476,6,-21
52.63206217279964,7,-21
64.91237947387684,8,-21
65.10023912089035,9,-21
72.21176406014092,10,-21
84.76646334464583,11,-21
84.76646334464583,12,-21
88.44996809972703,13,-21
85.08850051420804,14,-21
84.44687422629542,15,-21
70.18111329583381,16,-21
71.29481253821224,17,-21
71.52184257458042,18,-21
62.39260790045698,19,-21
56.17024214159173,20,-21
54.93872482922981,21,-21
54.80524143670622,22,-21
51.55041956422529,23,-21
49.300136410769376,24,-21
40.338180870158396,25,-21
45.07445874561926,-35,-20
42.5339632759619,-34,-20
44.36754316360592,-33,-20
62.39260790045698,-32,-20
63.62735385674016,-31,-20
71.75033500027283,-30,-20
1502.33868721452,-29,-20
1748.4108465610896,-28,-20
2605.657269354592,-27,-20
2971.5385364181384,-26,-20
2971.5385364181384,-25,-20
2971.5385364181384,-24,-20
2971.5385364181384,-23,-20
2605.657269354592,-22,-20
2971.5385364181384,-21,-20
466.0195452874036,-20,-20
2971.5385364181384,-19,-20
466.0195452874036,-18,-20
2605.657269354592,-17,-20
2971.5385364181384,-16,-20
2971.5385364181384,-15,-20
2971.5385364181384,-14,-20
2971.5385364181384,-13,-20
2971.5385364181384,-12,-20
2605.657269354592,-11,-20
2971.5385364181384,-10,-20
2971.5385364181384,-9,-20
2971.5385364181384,-8,-20
2971.5385364181384,-7,-20
2971.5385364181384,-6,-20
413.0575340906069,-5,-20
1748.4108465610896,-4,-20
184.42761199723859,-3,-20
104.10315751610364,-2,-20
104.10315751610364,-1,-20
56.0306647784104,0,-20
53.00285207630793,1,-20
52.63206217279964,2,-20
55.616097117056846,3,-20
60.223166201302256,4,-20
60.223166201302256,5,-20
69.31509232331285,6,-20
81.08528295970282,7,-20
81.08528295970282,8,-20
92.47111885547693,9,-20
96.87872057451285,10,-20
94.02631901073778,11,-20
94.02631901073778,12,-20
95.22777780614483,13,-20
87.07374934276605,14,-20
87.41374082285886,15,-20
76.65061261198123,16,-20
73.63266572122546,17,-20
74.11891177293815,18,-20
64.35530170411718,19,-20
59.42871607389156,20,-20
55.47927877951724,21,-20
54.93872482922981,22,-20
52.26646536712826,23,-20
52.145734924603914,24,-20
49.4079374606645,25,-20
37.59689472240779,-35,-19
43.68263068645186,-34,-19
49.624971731845264,-33,-19
116.62361910706373,-32,-19
114.82091536370751,-31,-19
59.585911235643565,-30,-19
2605.657269354592,-29,-19
456.261207959417,-28,-19
2091.9814929470135,-27,-19
2605.657269354592,-26,-19
2971.5385364181384,-25,-19
2971.5385364181384,-24,-19
2971.5385364181384,-23,-19
2971.5385364181384,-22,-19
2971.5385364181384,-21,-19
2971.5385364181384,-20,-19
2971.5385364181384,-19,-19
2605.657269354592,-18,-19
456.261207959417,-17,-19
2091.9814929470135,-16,-19
2605.657269354592,-15,-19
2971.5385364181384,-14,-19
2971.5385364181384,-13,-19
2605.657269354592,-12,-19
2971.5385364181384,-11,-19
2605.657269354592,-10,-19
2971.5385364181384,-9,-19
2971.5385364181384,-8,-19
2971.5385364181384,-7,-19
2605.657269354592,-6,-19
194.1454888870984,-5,-19
147.57755477521678,-4,-19
60.87431351107008,-3,-19
54.67241035028023,-2,-19
54.93872482922981,-1,-19
59.585911235643565,0,-19
67.85029179107629,1,-19
68.05571654613432,2,-19
77.98300846660402,3,-19
89.51126459080693,4,-19
90.23317708791195,5,-19
104.59093661559379,6,-19
136.67962394340253,7,-19
137.52544782640504,8,-19
166.4036634446755,9,-19
228.28522837149106,10,-19
228.28522837149106,11,-19
135.84422365190196,12,-19
105.58045190940429,13,-19
106.58902590809267,14,-19
91.33833029782188,15,-19
80.21479305850019,16,-19
75.36333343697814,17,-19
59.90283018604204,18,-19
61.03932454580139,19,-19
60.87431351107008,20,-19
57.75318147275834,21,-19
50.85388120314883,22,-19
54.80524143670622,23,-19
52.26646536712826,24,-19
49.73421132672923,25,-19
41.36894953886693,-35,-18
38.62076260941094,-34,-18
49.95415158305503,-33,-18
50.17606179759352,-32,-18
135.84422365190196,-31,-18
77.98300846660402,-30,-18
2605.657269354592,-29,-18
2971.5385364181384,-28,-18
456.261207959417,-27,-18
2091.9814929470135,-26,-18
2605.657269354592,-25,-18
2971.5385364181384,-24,-18
2605.657269354592,-23,-18
2971.5385364181384,-22,-18
2971.5385364181384,-21,-18
2605.657269354592,-20,-18
2971.5385364181384,-19,-18
2971.5385364181384,-18,-18
2971.5385364181384,-17,-18
456.261207959417,-16,-18
2091.9814929470135,-15,-18
2605.657269354592,-14,-18
2971.5385364181384,-13,-18
2971.5385364181384,-12,-18
2971.5385364181384,-11,-18
2971.5385364181384,-10,-18
2971.5385364181384,-9,-18
2971.5385364181384,-8,-18
521.8894565688071,-7,-18
74.11891177293815,-6,-18
74.11891177293815,-5,-18
56.5932126239936,-4,-18
54.93872482922981,-3,-18
62.220148048950904,-2,-18
70.40103832109732,-1,-18
77.98300846660402,0,-18
86.73641362796613,1,-18
87.75641964016376,2,-18
98.58840782028977,3,-18
119.7583946951261,4,-18
120.4058512342062,5,-18
230.67473491994707,6,-18
2605.657269354592,7,-18
2971.5385364181384,8,-18
1748.4108465610896,9,-18
1904.7037461487248,10,-18
251.77427967792127,11,-18
99.91114134963776,12,-18
123.0678336666564,13,-18
96.87872057451285,14,-18
84.76646334464583,15,-18
85.08850051420804,16,-18
76.1304169299206,17,-18
67.44317014057248,18,-18
67.44317014057248,19,-18
61.708487349864946,20,-18
50.62589921812099,21,-18
53.632680431593705,22,-18
53.76046139070868,23,-18
51.31611245024075,24,-18
48.35085205622705,25,-18
41.827149099670194,-35,-17
44.10817836273806,-34,-17
39.70244964813516,-33,-17
65.86276958425921,-32,-17
1403.7314792285017,-31,-17
1502.33868721452,-30,-17
94.82386673172537,-29,-17
2971.5385364181384,-28,-17
2091.9814929470135,-27,-17
456.261207959417,-26,-17
2971.5385364181384,-25,-17
2971.5385364181384,-24,-17
2971.5385364181384,-23,-17
2971.5385364181384,-22,-17
2971.5385364181384,-21,-17
2971.5385364181384,-20,-17
2091.9814929470135,-19,-17
2605.657269354592,-18,-17
2971.5385364181384,-17,-17
2971.5385364181384,-16,-17
2971.5385364181384,-15,-17
2971.5385364181384,-14,-17
456.261207959417,-13,-17
2605.657269354592,-12,-17
466.0195452874036,-11,-17
2605.657269354592,-10,-17
214.93424013297636,-9,-17
217.04902442979156,-8,-17
64.91237947387684,-7,-17
59.585911235643565,-6,-17
59.74394701325806,-5,-17
57.16726565876479,-4,-17
75.61729059705165,-3,-17
66.44659218373074,-2,-17
91.33833029782188,-1,-17
108.13884752974192,0,-17
108.66560207832646,1,-17
124.443831183449,2,-17
225.9451090955222,3,-17
228.28522837149106,4,-17
2320.5087420085197,5,-17
2605.657269354592,6,-17
2605.657269354592,7,-17
2605.657269354592,8,-17
2320.5087420085197,9,-17
2605.657269354592,10,-17
384.0084841117954,11,-17
390.8777517780592,12,-17
128.7644862800094,13,-17
97.30051390028682,14,-17
81.97503195462,15,-17
83.81492903571483,16,-17
71.29481253821224,17,-17
71.52184257458042,18,-17
62.91581942512644,19,-17
60.223166201302256,20,-17
60.223166201302256,21,-17
55.75359747000438,22,-17
52.87867159852225,23,-17
50.28776395112152,24,-17
50.28776395112152,25,-17
40.99477629556015,-35,-16
43.26528060715886,-34,-16
45.89738764459374,-33,-16
66.8416392690932,-32,-16
68.05571654613432,-31,-16
2605.657269354592,-30,-16
82.88468813335444,-29,-16
1748.4108465610896,-28,-16
2605.657269354592,-27,-16
2971.5385364181384,-26,-16
2971.5385364181384,-25,-16
2971.5385364181384,-24,-16
2971.5385364181384,-23,-16
2605.657269354592,-22,-16
456.261207959417,-21,-16
2091.9814929470135,-20,-16
2971.5385364181384,-19,-16
2971.5385364181384,-18,-16
2971.5385364181384,-17,-16
2971.5385364181384,-16,-16
2971.5385364181384,-15,-16
2971.5385364181384,-14,-16
2971.5385364181384,-13,-16
2971.5385364181384,-12,-16
182.9024943065421,-11,-16
64.7256096580652,-10,-16
65.10023912089035,-9,-16
64.35530170411718,-8,-16
69.52957136983846,-7,-16
70.40103832109732,-6,-16
80.21479305850019,-5,-16
94.82386673172537,-4,-16
95.63517293169141,-3,-16
109.19755582856865,-2,-16
130.27272718226192,-1,-16
166.4036634446755,0,-16
1502.33868721452,1,-16
2971.5385364181384,2,-16
2971.5385364181384,3,-16
2605.657269354592,4,-16
2971.5385364181384,5,-16
2971.5385364181384,6,-16
2971.5385364181384,7,-16
2971.5385364181384,8,-16
2971.5385364181384,9,-16
1748.4108465610896,10,-16
1904.7037461487248,11,-16
168.9419735478179,12,-16
107.61721612875535,13,-16
105.08334593890844,14,-16
90.96692578411343,15,-16
77.71280619734154,16,-16
77.98300846660402,17,-16
60.06256760649542,18,-16
59.2723548209125,19,-16
62.740435372143665,20,-16
57.901557307186536,21,-16
53.76046139070868,22,-16
53.76046139070868,23,-16
47.437714928470854,24,-16
43.100582907399755,25,-16
42.374819950433725,-35,-15
43.100582907399755,-34,-15
52.26646536712826,-33,-15
51.668383912739884,-32,-15
153.71141031903718,-31,-15
2605.657269354592,-30,-15
1904.7037461487248,-29,-15
240.7593758987949,-28,-15
2971.5385364181384,-27,-15
2971.5385364181384,-26,-15
2971.5385364181384,-25,-15
2971.5385364181384,-24,-15
2971.5385364181384,-23,-15
2971.5385364181384,-22,-15
2971.5385364181384,-21,-15
2971.5385364181384,-20,-15
2971.5385364181384,-19,-15
456.261207959417,-18,-15
2971.5385364181384,-17,-15
2971.5385364181384,-16,-15
2971.5385364181384,-15,-15
2971.5385364181384,-14,-15
2971.5385364181384,-13,-15
456.261207959417,-12,-15
456.261207959417,-11,-15
74.11891177293815,-10,-15
79.64485856918158,-9,-15
93.63259538462258,-8,-15
80.5028553017398,-7,-15
106.58902590809267,-6,-15
131.0402854768912,-5,-15
138.38189215172463,-4,-15
456.261207959417,-3,-15
2605.657269354592,-2,-15
2605.657269354592,-1,-15
2971.5385364181384,0,-15
2091.9814929470135,1,-15
2971.5385364181384,2,-15
2971.5385364181384,3,-15
2971.5385364181384,4,-15
2971.5385364181384,5,-15
2971.5385364181384,6,-15
2971.5385364181384,7,-15
2971.5385364181384,8,-15
2971.5385364181384,9,-15
2971.5385364181384,10,-15
260.7263922723621,11,-15
246.142659526899,12,-15
117.23727012658709,13,-15
82.88468813335444,14,-15
97.30051390028682,15,-15
83.81492903571483,16,-15
70.62235734034113,17,-15
70.62235734034113,18,-15
63.44795341903157,19,-15
60.384632972338174,20,-15
55.89178496453877,21,-15
54.67241035028023,22,-15
53.88885767144074,23,-15
50.62589921812099,24,-15
50.62589921812099,25,-15
41.36894953886693,-35,-14
43.68263068645186,-34,-14
40.48225208172791,-33,-14
69.52957136983846,-32,-14
70.40103832109732,-31,-14
2605.657269354592,-30,-14
184.42761199723859,-29,-14
1904.7037461487248,-28,-14
2605.657269354592,-27,-14
456.261207959417,-26,-14
2971.5385364181384,-25,-14
446.9062831879762,-24,-14
2605.657269354592,-23,-14
2971.5385364181384,-22,-14
2971.5385364181384,-21,-14
2971.5385364181384,-20,-14
2971.5385364181384,-19,-14
2971.5385364181384,-18,-14
2971.5385364181384,-17,-14
2971.5385364181384,-16,-14
2971.5385364181384,-15,-14
2971.5385364181384,-14,-14
1502.33868721452,-13,-14
1403.7314792285017,-12,-14
92.8550366355939,-11,-14
94.82386673172537,-10,-14
95.22777780614483,-9,-14
115.41554184772419,-8,-14
251.77427967792127,-7,-14
248.92636287754496,-6,-14
593.1385858398125,-5,-14
456.261207959417,-4,-14
2971.5385364181384,-3,-14
2971.5385364181384,-2,-14
2971.5385364181384,-1,-14
2971.5385364181384,0,-14
2971.5385364181384,1,-14
2091.9814929470135,2,-14
2605.657269354592,3,-14
2971.5385364181384,4,-14
2605.657269354592,5,-14
2320.5087420085197,6,-14
2605.657269354592,7,-14
2971.5385364181384,8,-14
2091.9814929470135,9,-14
2091.9814929470135,10,-14
295.83403957611665,11,-14
122.39127405307322,12,-14
122.39127405307322,13,-14
98.58840782028977,14,-14
82.27600593453337,15,-14
86.73641362796613,16,-14
66.25082866765374,17,-14
65.86276958425921,18,-14
61.539813732691705,19,-14
57.312618184812045,20,-14
56.17024214159173,21,-14
54.80524143670622,22,-14
54.93872482922981,23,-14
52.145734924603914,24,-14
49.0859507585819,25,-14
41.52055413849569,-35,-13
43.59851252211395,-34,-13
44.45468281593211,-33,-13
52.75507634343315,-32,-13
194.1454888870984,-31,-13
2605.657269354592,-30,-13
2971.5385364181384,-29,-13
2091.9814929470135,-28,-13
2971.5385364181384,-27,-13
2971.5385364181384,-26,-13
2091.9814929470135,-25,-13
2605.657269354592,-24,-13
2605.657269354592,-23,-13
2971.5385364181384,-22,-13
2971.5385364181384,-21,-13
2971.5385364181384,-20,-13
466.0195452874036,-19,-13
2971.5385364181384,-18,-13
370.9750418453557,-17,-13
2605.657269354592,-16,-13
2971.5385364181384,-15,-13
2971.5385364181384,-14,-13
2971.5385364181384,-13,-13
2971.5385364181384,-12,-13
2971.5385364181384,-11,-13
2971.5385364181384,-10,-13
2971.5385364181384,-9,-13
2320.5087420085197,-8,-13
2971.5385364181384,-7,-13
2971.5385364181384,-6,-13
2971.5385364181384,-5,-13
456.261207959417,-4,-13
2971.5385364181384,-3,-13
421.0258728384939,-2,-13
2605.657269354592,-1,-13
466.0195452874036,0,-13
2091.9814929470135,1,-13
2605.657269354592,2,-13
2605.657269354592,3,-13
2605.657269354592,4,-13
2971.5385364181384,5,-13
2971.5385364181384,6,-13
2971.5385364181384,7,-13
2971.5385364181384,8,-13
2971.5385364181384,9,-13
627.4549990957476,10,-13
666.0245832948195,11,-13
143.7552610412308,12,-13
106.08232222879775,13,-13
106.08232222879775,14,-13
91.33833029782188,15,-13
77.71280619734154,16,-13
74.86054325751111,17,-13
67.44317014057248,18,-13
62.04864665129281,19,-13
62.39260790045698,20,-13
58.9621075682587,21,-13
54.80524143670622,22,-13
56.17024214159173,23,-13
53.25298545061037,24,-13
49.84393685765149,25,-13
36.92415364986881,-35,-12
43.26528060715886,-34,-12
52.26646536712826,-33,-12
52.87867159852225,-32,-12
166.4036634446755,-31,-12
2971.5385364181384,-30,-12
2605.657269354592,-29,-12
405.3875272966911,-28,-12
2605.657269354592,-27,-12
2971.5385364181384,-26,-12
2971.5385364181384,-25,-12
2971.5385364181384,-24,-12
2320.5087420085197,-23,-12
2605.657269354592,-22,-12
2971.5385364181384,-21,-12
2971.5385364181384,-20,-12
2971.5385364181384,-19,-12
2971.5385364181384,-18,-12
456.261207959417,-17,-12
2971.5385364181384,-16,-12
609.8104782885708,-15,-12
2971.5385364181384,-14,-12
2971.5385364181384,-13,-12
2320.5087420085197,-12,-12
2605.657269354592,-11,-12
2605.657269354592,-10,-12
2605.657269354592,-9,-12
2971.5385364181384,-8,-12
2971.5385364181384,-7,-12
2971.5385364181384,-6,-12
2971.5385364181384,-5,-12
2605.657269354592,-4,-12
2971.5385364181384,-3,-12
2971.5385364181384,-2,-12
2971.5385364181384,-1,-12
2971.5385364181384,0,-12
1241.069490887036,1,-12
240.7593758987949,2,-12
240.7593758987949,3,-12
353.0150984111681,4,-12
2605.657269354592,5,-12
456.261207959417,6,-12
2320.5087420085197,7,-12
397.99936438037616,8,-12
1317.3578849466114,9,-12
159.2299651580863,10,-12
214.93424013297636,11,-12
122.39127405307322,12,-12
100.3600407893752,13,-12
99.91114134963776,14,-12
89.15465754205914,15,-12
80.21479305850019,16,-12
80.21479305850019,17,-12
71.52184257458042,18,-12
57.16726565876479,19,-12
60.06256760649542,20,-12
60.223166201302256,21,-12
55.47927877951724,22,-12
51.668383912739884,23,-12
51.78689380183298,24,-12
48.76816705223381,25,-12
40.70031482641282,-35,-11
43.26528060715886,-34,-11
52.50962498735729,-33,-11
52.75507634343315,-32,-11
161.55091046835864,-31,-11
2605.657269354592,-30,-11
2971.5385364181384,-29,-11
456.261207959417,-28,-11
2091.9814929470135,-27,-11
2605.657269354592,-26,-11
2971.5385364181384,-25,-11
2971.5385364181384,-24,-11
2971.5385364181384,-23,-11
2971.5385364181384,-22,-11
2971.5385364181384,-21,-11
2971.5385364181384,-20,-11
2971.5385364181384,-19,-11
2971.5385364181384,-18,-11
2971.5385364181384,-17,-11
2971.5385364181384,-16,-11
456.261207959417,-15,-11
2605.657269354592,-14,-11
456.261207959417,-13,-11
2605.657269354592,-12,-11
2971.5385364181384,-11,-11
2971.5385364181384,-10,-11
2971.5385364181384,-9,-11
2605.657269354592,-8,-11
2971.5385364181384,-7,-11
2971.5385364181384,-6,-11
2971.5385364181384,-5,-11
2091.9814929470135,-4,-11
2605.657269354592,-3,-11
2971.5385364181384,-2,-11
2091.9814929470135,-1,-11
497.99488018844545,0,-11
509.6599841733629,1,-11
219.20618645094228,2,-11
238.155770065438,3,-11
167.66313386465004,4,-11
248.92636287754496,5,-11
1317.3578849466114,6,-11
1317.3578849466114,7,-11
413.0575340906069,8,-11
1904.7037461487248,9,-11
1317.3578849466114,10,-11
172.89929473173592,11,-11
172.89929473173592,12,-11
117.85746647621451,13,-11
91.33833029782188,14,-11
94.82386673172537,15,-11
83.81492903571483,16,-11
62.39260790045698,17,-11
65.67045354476043,18,-11
61.708487349864946,19,-11
59.2723548209125,20,-11
54.67241035028023,21,-11
55.07286535773392,22,-11
52.26646536712826,23,-11
46.65473781587565,24,-11
50.5126792379575,25,-11
37.04465913644637,-35,-10
43.26528060715886,-34,-10
45.711907088922715,-33,-10
70.84508368552551,-32,-10
646.1600765383804,-31,-10
687.1600955815912,-30,-10
1904.7037461487248,-29,-10
2605.657269354592,-28,-10
2971.5385364181384,-27,-10
2091.9814929470135,-26,-10
2971.5385364181384,-25,-10
2971.5385364181384,-24,-10
2605.657269354592,-23,-10
2971.5385364181384,-22,-10
2605.657269354592,-21,-10
2971.5385364181384,-20,-10
2971.5385364181384,-19,-10
2971.5385364181384,-18,-10
456.261207959417,-17,-10
2971.5385364181384,-16,-10
2971.5385364181384,-15,-10
2971.5385364181384,-14,-10
2971.5385364181384,-13,-10
2971.5385364181384,-12,-10
2971.5385364181384,-11,-10
2971.5385364181384,-10,-10
2971.5385364181384,-9,-10
2971.5385364181384,-8,-10
2971.5385364181384,-7,-10
2605.657269354592,-6,-10
2971.5385364181384,-5,-10
2971.5385364181384,-4,-10
2320.5087420085197,-3,-10
2605.657269354592,-2,-10
2971.5385364181384,-1,-10
192.45475679260443,0,-10
497.99488018844545,1,-10
254.68866398732155,2,-10
509.6599841733629,3,-10
228.28522837149106,4,-10
228.28522837149106,5,-10
1317.3578849466114,6,-10
1317.3578849466114,7,-10
2971.5385364181384,8,-10
497.99488018844545,9,-10
509.6599841733629,10,-10
172.89929473173592,11,-10
114.82091536370751,12,-10
115.41554184772419,13,-10
94.42339508711743,14,-10
83.50251845771434,15,-10
83.81492903571483,16,-10
62.566034284799095,17,-10
66.64352553556435,18,-10
66.64352553556435,19,-10
62.91581942512644,20,-10
57.16726565876479,21,-10
53.12762195447235,22,-10
53.25298545061037,23,-10
50.96865024362386,24,-10
48.76816705223381,25,-10
44.28074722464484,-35,-9
42.21687264742115,-34,-9
43.348106237388926,-33,-9
53.378946822707604,-32,-9
166.4036634446755,-31,-9
171.55958093849034,-30,-9
2971.5385364181384,-29,-9
456.261207959417,-28,-9
2605.657269354592,-27,-9
456.261207959417,-26,-9
2971.5385364181384,-25,-9
2971.5385364181384,-24,-9
2971.5385364181384,-23,-9
2971.5385364181384,-22,-9
2971.5385364181384,-21,-9
2971.5385364181384,-20,-9
2971.5385364181384,-19,-9
2971.5385364181384,-18,-9
2320.5087420085197,-17,-9
2605.657269354592,-16,-9
2971.5385364181384,-15,-9
2971.5385364181384,-14,-9
2971.5385364181384,-13,-9
2971.5385364181384,-12,-9
2971.5385364181384,-11,-9
2971.5385364181384,-10,-9
2971.5385364181384,-9,-9
2971.5385364181384,-8,-9
2971.5385364181384,-7,-9
2971.5385364181384,-6,-9
2605.657269354592,-5,-9
2971.5385364181384,-4,-9
2320.5087420085197,-3,-9
2971.5385364181384,-2,-9
2971.5385364181384,-1,-9
2971.5385364181384,0,-9
210.82689325695452,1,-9
2320.5087420085197,2,-9
2605.657269354592,3,-9
291.8998191666065,4,-9
295.83403957611665,5,-9
331.6279262828435,6,-9
2320.5087420085197,7,-9
2320.5087420085197,8,-9
666.0245832948195,9,-9
646.1600765383804,10,-9
174.260271106874,11,-9
114.82091536370751,12,-9
115.41554184772419,13,-9
94.42339508711743,14,-9
82.27600593453337,15,-9
82.57921629841033,16,-9
61.03932454580139,17,-9
66.25082866765374,18,-9
58.9621075682587,19,-9
61.03932454580139,20,-9
55.89178496453877,21,-9
56.17024214159173,22,-9
53.76046139070868,23,-9
51.08394272684265,24,-9
51.19976225170935,25,-9
40.77352967910773,-35,-8
42.5339632759619,-34,-8
39.841971418118746,-33,-8
69.1019430801726,-32,-8
70.40103832109732,-31,-8
413.0575340906069,-30,-8
2971.5385364181384,-29,-8
2971.5385364181384,-28,-8
2091.9814929470135,-27,-8
2605.657269354592,-26,-8
2971.5385364181384,-25,-8
2971.5385364181384,-24,-8
2971.5385364181384,-23,-8
2971.5385364181384,-22,-8
2320.5087420085197,-21,-8
2605.657269354592,-20,-8
2971.5385364181384,-19,-8
466.0195452874036,-18,-8
2605.657269354592,-17,-8
466.0195452874036,-16,-8
2971.5385364181384,-15,-8
2971.5385364181384,-14,-8
2971.5385364181384,-13,-8
2971.5385364181384,-12,-8
2971.5385364181384,-11,-8
2971.5385364181384,-10,-8
2971.5385364181384,-9,-8
2091.9814929470135,-8,-8
2605.657269354592,-7,-8
2971.5385364181384,-6,-8
2971.5385364181384,-5,-8
2971.5385364181384,-4,-8
2971.5385364181384,-3,-8
2971.5385364181384,-2,-8
2605.657269354592,-1,-8
195.866438745618,0,-8
194.1454888870984,1,-8
192.45475679260443,2,-8
254.68866398732155,3,-8
358.8037784196224,4,-8
358.8037784196224,5,-8
240.7593758987949,6,-8
223.65285767079317,7,-8
2091.9814929470135,8,-8
1057.6557198478954,9,-8
1112.408490101235,10,-8
263.8548049919528,11,-8
122.39127405307322,12,-8
121.72217196226389,13,-8
99.02537855328308,14,-8
82.27600593453337,15,-8
82.57921629841033,16,-8
61.878095718403614,17,-8
70.18111329583381,18,-8
68.26239917979238,19,-8
60.87431351107008,20,-8
60.87431351107008,21,-8
55.47927877951724,22,-8
52.87867159852225,23,-8
52.75507634343315,24,-8
49.300136410769376,25,-8
44.10817836273806,-35,-7
42.29569764264012,-34,-7
39.49500430510126,-33,-7
68.47035131253642,-32,-7
68.47035131253642,-31,-7
299.8766576525632,-30,-7
2605.657269354592,-29,-7
2971.5385364181384,-28,-7
2971.5385364181384,-27,-7
2091.9814929470135,-26,-7
2605.657269354592,-25,-7
2971.5385364181384,-24,-7
2971.5385364181384,-23,-7
456.261207959417,-22,-7
2971.5385364181384,-21,-7
456.261207959417,-20,-7
2971.5385364181384,-19,-7
2971.5385364181384,-18,-7
2320.5087420085197,-17,-7
2605.657269354592,-16,-7
2971.5385364181384,-15,-7
2971.5385364181384,-14,-7
2971.5385364181384,-13,-7
2605.657269354592,-12,-7
2605.657269354592,-11,-7
2971.5385364181384,-10,-7
2971.5385364181384,-9,-7
2971.5385364181384,-8,-7
2971.5385364181384,-7,-7
2971.5385364181384,-6,-7
2971.5385364181384,-5,-7
2971.5385364181384,-4,-7
2971.5385364181384,-3,-7
1502.33868721452,-2,-7
1615.985946105007,-1,-7
195.866438745618,0,-7
201.2189427353569,1,-7
201.2189427353569,2,-7
187.55609275291556,3,-7
177.0480747375727,4,-7
203.06926687172154,5,-7
251.77427967792127,6,-7
254.68866398732155,7,-7
2320.5087420085197,8,-7
562.4070797612605,9,-7
577.360863305254,10,-7
168.9419735478179,11,-7
167.66313386465004,12,-7
115.41554184772419,13,-7
92.8550366355939,14,-7
92.0903881817444,15,-7
74.11891177293815,16,-7
58.65511722922133,17,-7
71.29481253821224,18,-7
68.05571654613432,19,-7
60.223166201302256,20,-7
60.384632972338174,21,-7
55.47927877951724,22,-7
52.145734924603914,23,-7
52.387760726359986,24,-7
48.35085205622705,25,-7
44.19429296401516,-35,-6
42.374819950433725,-34,-6
39.42634064102577,-33,-6
45.711907088922715,-32,-6
67.6461134357138,-31,-6
280.70552748550824,-30,-6
2971.5385364181384,-29,-6
2971.5385364181384,-28,-6
2605.657269354592,-27,-6
1904.7037461487248,-26,-6
2971.5385364181384,-25,-6
2971.5385364181384,-24,-6
2605.657269354592,-23,-6
2971.5385364181384,-22,-6
2971.5385364181384,-21,-6
2971.5385364181384,-20,-6
2971.5385364181384,-19,-6
2971.5385364181384,-18,-6
2971.5385364181384,-17,-6
456.261207959417,-16,-6
2971.5385364181384,-15,-6
466.0195452874036,-14,-6
2605.657269354592,-13,-6
2605.657269354592,-12,-6
2605.657269354592,-11,-6
2091.9814929470135,-10,-6
2971.5385364181384,-9,-6
2971.5385364181384,-8,-6
2971.5385364181384,-7,-6
2971.5385364181384,-6,-6
2971.5385364181384,-5,-6
2971.5385364181384,-4,-6
2971.5385364181384,-3,-6
208.83199255351286,-2,-6
208.83199255351286,-1,-6
208.83199255351286,0,-6
201.2189427353569,1,-6
201.2189427353569,2,-6
203.06926687172154,3,-6
187.55609275291556,4,-6
201.2189427353569,5,-6
201.2189427353569,6,-6
203.06926687172154,7,-6
384.0084841117954,8,-6
1057.6557198478954,9,-6
1057.6557198478954,10,-6
201.2189427353569,11,-6
122.39127405307322,12,-6
99.91114134963776,13,-6
91.33833029782188,14,-6
72.91523699465561,15,-6
73.15280883142908,16,-6
75.11109010254906,17,-6
68.89011127832303,18,-6
68.89011127832303,19,-6
60.87431351107008,20,-6
54.67241035028023,21,-6
54.93872482922981,22,-6
49.95415158305503,23,-6
49.73421132672923,24,-6
43.43125218631355,25,-6
45.254750725313045,-35,-5
42.613987712046864,-34,-5
44.54216823287198,-33,-5
66.8416392690932,-32,-5
66.64352553556435,-31,-5
267.0598369905462,-30,-5
2605.657269354592,-29,-5
2971.5385364181384,-28,-5
2971.5385364181384,-27,-5
2091.9814929470135,-26,-5
2971.5385364181384,-25,-5
466.0195452874036,-24,-5
2605.657269354592,-23,-5
2971.5385364181384,-22,-5
2971.5385364181384,-21,-5
2971.5385364181384,-20,-5
2971.5385364181384,-19,-5
2971.5385364181384,-18,-5
2091.9814929470135,-17,-5
2605.657269354592,-16,-5
2971.5385364181384,-15,-5
2971.5385364181384,-14,-5
2971.5385364181384,-13,-5
2971.5385364181384,-12,-5
2971.5385364181384,-11,-5
2971.5385364181384,-10,-5
2971.5385364181384,-9,-5
2971.5385364181384,-8,-5
2320.5087420085197,-7,-5
2971.5385364181384,-6,-5
2971.5385364181384,-5,-5
2605.657269354592,-4,-5
2091.9814929470135,-3,-5
577.360863305254,-2,-5
593.1385858398125,-1,-5
208.83199255351286,0,-5
206.87478885972743,1,-5
210.82689325695452,2,-5
154.78405901845196,3,-5
201.2189427353569,4,-5
150.58153639129193,5,-5
201.2189427353569,6,-5
189.16080922500743,7,-5
299.8766576525632,8,-5
35.37139866392714,9,-5
40.124001986313225,10,-5
37.288064823459585,11,-5
37.659280634039526,12,-5
37.72187561995756,13,-5
37.78468073577819,14,-5
59.11682084087448,15,-5
55.616097117056846,16,-5
73.87498213152199,17,-5
58.80820850692987,18,-5
55.07286535773392,19,-5
43.100582907399755,20,-5
48.454504365162954,21,-5
42.937144438197684,22,-5
53.25298545061037,23,-5
51.55041956422529,24,-5
51.668383912739884,25,-5
41.52055413849569,-35,-4
43.43125218631355,-34,-4
44.718184647635226,-33,-4
66.25082866765374,-32,-4
66.8416392690932,-31,-4
158.09452029490436,-30,-4
2971.5385364181384,-29,-4
2971.5385364181384,-28,-4
1904.7037461487248,-27,-4
2605.657269354592,-26,-4
2971.5385364181384,-25,-4
2320.5087420085197,-24,-4
2605.657269354592,-23,-4
2605.657269354592,-22,-4
2971.5385364181384,-21,-4
2605.657269354592,-20,-4
2971.5385364181384,-19,-4
2971.5385364181384,-18,-4
2605.657269354592,-17,-4
2605.657269354592,-16,-4
2091.9814929470135,-15,-4
2605.657269354592,-14,-4
456.261207959417,-13,-4
2605.657269354592,-12,-4
456.261207959417,-11,-4
2971.5385364181384,-10,-4
2605.657269354592,-9,-4
2320.5087420085197,-8,-4
456.261207959417,-7,-4
2605.657269354592,-6,-4
456.261207959417,-5,-4
2605.657269354592,-4,-4
2605.657269354592,-3,-4
312.7017652217107,-2,-4
206.87478885972743,-1,-4
208.83199255351286,0,-4
201.2189427353569,1,-4
201.2189427353569,2,-4
208.83199255351286,3,-4
208.83199255351286,4,-4
208.83199255351286,5,-4
201.2189427353569,6,-4
185.97858975195032,7,-4
189.16080922500743,8,-4
270.34434588381583,9,-4
312.7017652217107,10,-4
312.7017652217107,11,-4
133.3986675551141,12,-4
134.20393049866863,13,-4
86.06958566336586,14,-4
77.98300846660402,15,-4
77.98300846660402,16,-4
75.8729791563622,17,-4
58.9621075682587,18,-4
66.64352553556435,19,-4
59.585911235643565,20,-4
52.145734924603914,21,-4
56.310522336937964,22,-4
55.343137382137066,23,-4
39.221786202606786,24,-4
39.49500430510126,25,-4
40.70031482641282,-35,-3
42.13834328766121,-34,-3
44.28074722464484,-33,-3
50.06485879062014,-32,-3
103.61994346538643,-31,-3
104.59093661559379,-30,-3
2971.5385364181384,-29,-3
1904.7037461487248,-28,-3
2605.657269354592,-27,-3
2605.657269354592,-26,-3
2091.9814929470135,-25,-3
2971.5385364181384,-24,-3
2971.5385364181384,-23,-3
2971.5385364181384,-22,-3
2605.657269354592,-21,-3
2971.5385364181384,-20,-3
2971.5385364181384,-19,-3
2971.5385364181384,-18,-3
2971.5385364181384,-17,-3
2971.5385364181384,-16,-3
456.261207959417,-15,-3
2605.657269354592,-14,-3
456.261207959417,-13,-3
2971.5385364181384,-12,-3
2971.5385364181384,-11,-3
2971.5385364181384,-10,-3
2320.5087420085197,-9,-3
2971.5385364181384,-8,-3
2605.657269354592,-7,-3
2971.5385364181384,-6,-3
2091.9814929470135,-5,-3
2605.657269354592,-4,-3
2971.5385364181384,-3,-3
240.7593758987949,-2,-3
206.87478885972743,-1,-3
210.82689325695452,0,-3
203.06926687172154,1,-3
199.40230037680533,2,-3
201.2189427353569,3,-3
208.83199255351286,4,-3
195.866438745618,5,-3
208.83199255351286,6,-3
206.87478885972743,7,-3
208.83199255351286,8,-3
280.70552748550824,9,-3
208.83199255351286,10,-3
206.87478885972743,11,-3
110.82539578267462,12,-3
74.86054325751111,13,-3
65.47926639303324,14,-3
80.79301094708111,15,-3
79.92880158369064,16,-3
80.21479305850019,17,-3
68.89011127832303,18,-3
53.632680431593705,19,-3
51.19976225170935,20,-3
46.27293885673518,21,-3
42.77495077475541,22,-3
39.77208717697938,23,-3
42.29569764264012,24,-3
42.5339632759619,25,-3
42.374819950433725,-35,-2
42.85589289867222,-34,-2
43.68263068645186,-33,-2
61.03932454580139,-32,-2
201.2189427353569,-31,-2
208.83199255351286,-30,-2
2091.9814929470135,-29,-2
2605.657269354592,-28,-2
2971.5385364181384,-27,-2
2091.9814929470135,-26,-2
2605.657269354592,-25,-2
2605.657269354592,-24,-2
429.3103451798363,-23,-2
2605.657269354592,-22,-2
456.261207959417,-21,-2
2320.5087420085197,-20,-2
2605.657269354592,-19,-2
2971.5385364181384,-18,-2
2971.5385364181384,-17,-2
2605.657269354592,-16,-2
2605.657269354592,-15,-2
2971.5385364181384,-14,-2
2605.657269354592,-13,-2
2971.5385364181384,-12,-2
2971.5385364181384,-11,-2
2091.9814929470135,-10,-2
2605.657269354592,-9,-2
2971.5385364181384,-8,-2
2605.657269354592,-7,-2
2605.657269354592,-6,-2
2971.5385364181384,-5,-2
2605.657269354592,-4,-2
2971.5385364181384,-3,-2
2971.5385364181384,-2,-2
208.83199255351286,-1,-2
208.83199255351286,0,-2
159.2299651580863,1,-2
92.47111885547693,2,-2
92.47111885547693,3,-2
62.740435372143665,4,-2
56.0306647784104,5,-2
55.75359747000438,6,-2
57.901557307186536,7,-2
59.585911235643565,8,-2
59.585911235643565,9,-2
53.00285207630793,10,-2
60.06256760649542,11,-2
62.220148048950904,12,-2
64.35530170411718,13,-2
64.17174493095622,14,-2
67.44317014057248,15,-2
68.89011127832303,16,-2
68.67958470862533,17,-2
71.29481253821224,18,-2
75.8729791563622,19,-2
75.8729791563622,20,-2
78.25511167955939,21,-2
58.65511722922133,22,-2
55.47927877951724,23,-2
60.384632972338174,24,-2
65.47926639303324,25,-2
52.75507634343315,-35,-1
59.74394701325806,-34,-1
60.87431351107008,-33,-1
59.74394701325806,-32,-1
104.10315751610364,-31,-1
1904.7037461487248,-30,-1
446.9062831879762,-29,-1
2971.5385364181384,-28,-1
1615.985946105007,-27,-1
2605.657269354592,-26,-1
2971.5385364181384,-25,-1
2320.5087420085197,-24,-1
2605.657269354592,-23,-1
2605.657269354592,-22,-1
2971.5385364181384,-21,-1
2971.5385364181384,-20,-1
2971.5385364181384,-19,-1
2605.657269354592,-18,-1
2971.5385364181384,-17,-1
2971.5385364181384,-16,-1
2605.657269354592,-15,-1
2971.5385364181384,-14,-1
2971.5385364181384,-13,-1
2971.5385364181384,-12,-1
2971.5385364181384,-11,-1
2605.657269354592,-10,-1
2971.5385364181384,-9,-1
2971.5385364181384,-8,-1
2091.9814929470135,-7,-1
2605.657269354592,-6,-1
2971.5385364181384,-5,-1
2971.5385364181384,-4,-1
2091.9814929470135,-3,-1
2971.5385364181384,-2,-1
2605.657269354592,-1,-1
2605.657269354592,0,-1
2091.9814929470135,1,-1
2605.657269354592,2,-1
2971.5385364181384,3,-1
2971.5385364181384,4,-1
2605.657269354592,5,-1
2605.657269354592,6,-1
2971.5385364181384,7,-1
2971.5385364181384,8,-1
2971.5385364181384,9,-1
2971.5385364181384,10,-1
2971.5385364181384,11,-1
2605.657269354592,12,-1
2971.5385364181384,13,-1
2971.5385364181384,14,-1
2971.5385364181384,15,-1
2971.5385364181384,16,-1
2971.5385364181384,17,-1
2971.5385364181384,18,-1
2605.657269354592,19,-1
2971.5385364181384,20,-1
2971.5385364181384,21,-1
2971.5385364181384,22,-1
2971.5385364181384,23,-1
1317.3578849466114,24,-1
141.01699217824498,25,-1
88.44996809972703,-35,0
135.01905494240043,-34,0
139.24915876516937,-33,0
2605.657269354592,-32,0
2605.657269354592,-31,0
2605.657269354592,-30,0
2971.5385364181384,-29,0
2605.657269354592,-28,0
1502.33868721452,-27,0
2605.657269354592,-26,0
2605.657269354592,-25,0
2605.657269354592,-24,0
2091.9814929470135,-23,0
2605.657269354592,-22,0
326.6830529774106,-21,0
2605.657269354592,-20,0
326.6830529774106,-19,0
2605.657269354592,-18,0
321.88462458281447,-17,0
2091.9814929470135,-16,0
2605.657269354592,-15,0
2605.657269354592,-14,0
2605.657269354592,-13,0
2605.657269354592,-12,0
2605.657269354592,-11,0
2971.5385364181384,-10,0
2605.657269354592,-9,0
2091.9814929470135,-8,0
331.6279262828435,-7,0
2605.657269354592,-6,0
2971.5385364181384,-5,0
2091.9814929470135,-4,0
179.9272879061417,-3,0
358.8037784196224,-2,0
203.06926687172154,-1,0
199.40230037680533,0,0
199.40230037680533,1,0
194.1454888870984,2,0
160.38197318732884,3,0
162.73715397047684,4,0
171.55958093849034,5,0
172.89929473173592,6,0
151.61045319206173,7,0
119.7583946951261,8,0
119.7583946951261,9,0
100.3600407893752,10,0
99.91114134963776,11,0
82.57921629841033,12,0
81.08528295970282,13,0
81.08528295970282,14,0
72.91523699465561,15,0
67.24145070349583,16,0
67.24145070349583,17,0
60.384632972338174,18,0
61.37206714012488,19,0
60.87431351107008,20,0
58.50282737503468,21,0
58.35133265095354,22,0
56.0306647784104,23,0
47.940675080075444,24,0
57.901557307186536,25,0
49.624971731845264,-35,1
50.17606179759352,-34,1
50.06485879062014,-33,1
53.505510369625554,-32,1
54.14751411059579,-31,1
63.269569948796544,-30,1
85.41301404800102,-29,1
67.04094405757117,-28,1
83.50251845771434,-27,1
260.7263922723621,-26,1
291.8998191666065,-25,1
181.40259358315575,-24,1
291.8998191666065,-23,1
291.8998191666065,-22,1
217.04902442979156,-21,1
110.27737276288764,-20,1
110.27737276288764,-19,1
68.26239917979238,-18,1
67.85029179107629,-17,1
74.11891177293815,-16,1
99.91114134963776,-15,1
99.91114134963776,-14,1
104.10315751610364,-13,1
102.19705797220828,-12,1
101.73147632677777,-11,1
95.22777780614483,-10,1
89.87075933477863,-9,1
89.87075933477863,-8,1
82.27600593453337,-7,1
60.87431351107008,-6,1
75.8729791563622,-5,1
58.35133265095354,-4,1
68.67958470862533,-3,1
56.5932126239936,-2,1
67.24145070349583,-1,1
64.91237947387684,0,1
65.10023912089035,1,1
61.37206714012488,2,1
61.539813732691705,3,1
59.585911235643565,4,1
57.60557027152624,5,1
57.75318147275834,6,1
55.47927877951724,7,1
55.47927877951724,8,1
53.88885767144074,9,1
52.145734924603914,10,1
52.145734924603914,11,1
50.39996862858814,12,1
48.35085205622705,13,1
48.35085205622705,14,1
46.463047637779866,15,1
43.100582907399755,16,1
45.34544308715201,17,1
45.254750725313045,18,1
38.75271322056602,19,1
45.804458069727026,20,1
45.89738764459374,21,1
45.990698147626226,22,1
47.23949709635382,23,1
49.624971731845264,24,1
49.73421132672923,25,1
50.06485879062014,-35,2
54.40868601200774,-34,2
48.76816705223381,-33,2
49.4079374606645,-32,2
39.841971418118746,-31,2
56.73563355191409,-30,2
56.5932126239936,-29,2
72.444729680231,-28,2
124.443831183449,-27,2
128.7644862800094,-26,2
223.65285767079317,-25,2
145.6411297877823,-24,2
149.56660235201872,-23,2
182.9024943065421,-22,2
150.58153639129193,-21,2
151.61045319206173,-20,2
140.12745466711587,-19,2
108.66560207832646,-18,2
143.7552610412308,-17,2
141.01699217824498,-16,2
125.14352914257753,-15,2
125.14352914257753,-14,2
119.7583946951261,-13,2
119.11791973092606,-12,2
111.37893775490089,-11,2
119.11791973092606,-10,2
89.87075933477863,-9,2
107.61721612875535,-8,2
82.57921629841033,-7,2
93.24218181872236,-6,2
77.44448496799795,-5,2
90.96692578411343,-4,2
90.96692578411343,-3,2
90.23317708791195,-2,2
85.74003269793698,-1,2
86.4017025998202,0,2
83.50251845771434,1,2
77.71280619734154,2,2
77.98300846660402,3,2
75.11109010254906,4,2
74.86054325751111,5,2
72.21176406014092,6,2
70.40103832109732,7,2
70.62235734034113,8,2
70.18111329583381,9,2
68.05571654613432,10,2
68.05571654613432,11,2
66.64352553556435,12,2
66.64352553556435,13,2
64.91237947387684,14,2
62.91581942512644,15,2
62.740435372143665,16,2
61.539813732691705,17,2
60.06256760649542,18,2
60.223166201302256,19,2
46.17847137106316,20,2
56.73563355191409,21,2
56.5932126239936,22,2
53.00285207630793,23,2
53.378946822707604,24,2
53.88885767144074,25,2
45.711907088922715,-35,3
47.940675080075444,-34,3
52.50962498735729,-33,3
52.87867159852225,-32,3
62.91581942512644,-31,3
74.61167579895388,-30,3
89.15465754205914,-29,3
125.85120490118821,-28,3
1008.0778031812433,-27,3
1241.069490887036,-26,3
2605.657269354592,-25,3
2091.9814929470135,-24,3
2605.657269354592,-23,3
2605.657269354592,-22,3
2605.657269354592,-21,3
199.40230037680533,-20,3
194.1454888870984,-19,3
192.45475679260443,-18,3
195.866438745618,-17,3
192.45475679260443,-16,3
194.1454888870984,-15,3
194.1454888870984,-14,3
119.11791973092606,-13,3
194.1454888870984,-12,3
192.45475679260443,-11,3
185.97858975195032,-10,3
181.40259358315575,-9,3
171.55958093849034,-8,3
225.9451090955222,-7,3
225.9451090955222,-6,3
161.55091046835864,-5,3
165.1631243984828,-4,3
137.52544782640504,-3,3
87.41374082285886,-2,3
119.7583946951261,-1,3
87.41374082285886,0,3
106.08232222879775,1,3
85.41301404800102,2,3
110.27737276288764,3,3
88.10181786971401,4,3
119.7583946951261,5,3
88.80090344191726,6,3
114.82091536370751,7,3
104.10315751610364,8,3
99.91114134963776,9,3
99.91114134963776,10,3
91.33833029782188,11,3
91.33833029782188,12,3
71.52184257458042,13,3
81.08528295970282,14,3
81.37969464238716,15,3
80.21479305850019,16,3
75.8729791563622,17,3
75.8729791563622,18,3
73.15280883142908,19,3
72.91523699465561,20,3
69.74539273720488,21,3
65.86276958425921,22,3
65.67045354476043,23,3
62.91581942512644,24,3
49.0859507585819,25,3
54.14751411059579,-35,4
54.67241035028023,-34,4
55.75359747000438,-33,4
66.25082866765374,-32,4
86.4017025998202,-31,4
86.06958566336586,-30,4
144.69200077171504,-29,4
204.95422088860704,-28,4
132.60308775931782,-27,4
2605.657269354592,-26,4
2605.657269354592,-25,4
2971.5385364181384,-24,4
317.2262139881092,-23,4
2605.657269354592,-22,4
284.339544493052,-21,4
2605.657269354592,-20,4
2971.5385364181384,-19,4
2605.657269354592,-18,4
2605.657269354592,-17,4
2605.657269354592,-16,4
228.28522837149106,-15,4
228.28522837149106,-14,4
158.09452029490436,-13,4
84.76646334464583,-12,4
84.76646334464583,-11,4
55.20766789996682,-10,4
64.7256096580652,-9,4
64.7256096580652,-8,4
152.65364451822262,-7,4
273.71133338363666,-6,4
273.71133338363666,-5,4
192.45475679260443,-4,4
199.40230037680533,-3,4
122.39127405307322,-2,4
143.7552610412308,-1,4
107.10063329941069,0,4
128.0234909937024,1,4
119.11791973092606,2,4
116.62361910706373,3,4
87.75641964016376,4,4
108.13884752974192,5,4
87.41374082285886,6,4
92.47111885547693,7,4
81.97503195462,8,4
92.8550366355939,9,4
76.38962197831911,10,4
83.1924469036165,11,4
81.97503195462,12,4
82.57921629841033,13,4
76.91340739550019,14,4
75.61729059705165,15,4
75.8729791563622,16,4
75.11109010254906,17,4
71.9803040291536,18,4
72.21176406014092,19,4
68.05571654613432,20,4
68.26239917979238,21,4
63.44795341903157,22,4
60.54697499769428,23,4
58.35133265095354,24,4
49.4079374606645,25,4
51.78689380183298,-35,5
46.17847137106316,-34,5
55.20766789996682,-33,5
55.47927877951724,-32,5
67.85029179107629,-31,5
94.82386673172537,-30,5
95.22777780614483,-29,5
133.3986675551141,-28,5
133.3986675551141,-27,5
133.3986675551141,-26,5
353.0150984111681,-25,5
2605.657269354592,-24,5
353.0150984111681,-23,5
2605.657269354592,-22,5
353.0150984111681,-21,5
2605.657269354592,-20,5
358.8037784196224,-19,5
2605.657269354592,-18,5
214.93424013297636,-17,5
187.55609275291556,-16,5
185.97858975195032,-15,5
161.55091046835864,-14,5
150.58153639129193,-13,5
151.61045319206173,-12,5
117.23727012658709,-11,5
75.61729059705165,-10,5
76.1304169299206,-9,5
43.43125218631355,-8,5
55.75359747000438,-7,5
51.19976225170935,-6,5
89.15465754205914,-5,5
73.87498213152199,-4,5
165.1631243984828,-3,5
166.4036634446755,-2,5
167.66313386465004,-1,5
159.2299651580863,0,5
151.61045319206173,1,5
150.58153639129193,2,5
140.12745466711587,3,5
140.12745466711587,4,5
128.7644862800094,5,5
122.39127405307322,6,5
122.39127405307322,7,5
114.82091536370751,8,5
114.82091536370751,9,5
108.13884752974192,10,5
104.10315751610364,11,5
104.59093661559379,12,5
98.58840782028977,13,5
94.02631901073778,14,5
94.02631901073778,15,5
90.96692578411343,16,5
87.07374934276605,17,5
87.41374082285886,18,5
85.08850051420804,19,5
82.57921629841033,20,5
81.97503195462,21,5
77.71280619734154,22,5
64.91237947387684,23,5
74.86054325751111,24,5
74.86054325751111,25,5
68.05571654613432,-35,6
69.52957136983846,-34,6
70.62235734034113,-33,6
84.12970527668186,-32,6
179.9272879061417,-31,6
181.40259358315575,-30,6
189.16080922500743,-29,6
2971.5385364181384,-28,6
273.71133338363666,-27,6
2605.657269354592,-26,6
437.930199903979,-25,6
2605.657269354592,-24,6
456.261207959417,-23,6
2971.5385364181384,-22,6
446.9062831879762,-21,6
2091.9814929470135,-20,6
2605.657269354592,-19,6
2605.657269354592,-18,6
456.261207959417,-17,6
2605.657269354592,-16,6
2605.657269354592,-15,6
2971.5385364181384,-14,6
263.8548049919528,-13,6
384.0084841117954,-12,6
384.0084841117954,-11,6
295.83403957611665,-10,6
291.8998191666065,-9,6
174.260271106874,-8,6
58.65511722922133,-7,6
57.75318147275834,-6,6
263.8548049919528,-5,6
509.6599841733629,-4,6
509.6599841733629,-3,6
437.930199903979,-2,6
509.6599841733629,-1,6
666.0245832948195,0,6
182.9024943065421,1,6
174.260271106874,2,6
199.40230037680533,3,6
201.2189427353569,4,6
189.16080922500743,5,6
165.1631243984828,6,6
170.24063401205206,7,6
166.4036634446755,8,6
194.1454888870984,9,6
184.42761199723859,10,6
2605.657269354592,11,6
2971.5385364181384,12,6
2971.5385364181384,13,6
2605.657269354592,14,6
2971.5385364181384,15,6
2971.5385364181384,16,6
456.261207959417,17,6
2971.5385364181384,18,6
2971.5385364181384,19,6
2971.5385364181384,20,6
110.82539578267462,21,6
140.12745466711587,22,6
100.81302547627175,23,6
134.20393049866863,24,6
137.52544782640504,25,6
119.7583946951261,-35,7
123.75197652191709,-34,7
243.42101647665845,-33,7
2605.657269354592,-32,7
2605.657269354592,-31,7
2971.5385364181384,-30,7
2971.5385364181384,-29,7
2971.5385364181384,-28,7
2971.5385364181384,-27,7
2320.5087420085197,-26,7
2605.657269354592,-25,7
2971.5385364181384,-24,7
2605.657269354592,-23,7
2320.5087420085197,-22,7
2605.657269354592,-21,7
2971.5385364181384,-20,7
2971.5385364181384,-19,7
2091.9814929470135,-18,7
2605.657269354592,-17,7
2605.657269354592,-16,7
2971.5385364181384,-15,7
2605.657269354592,-14,7
2971.5385364181384,-13,7
2971.5385364181384,-12,7
2971.5385364181384,-11,7
2971.5385364181384,-10,7
2971.5385364181384,-9,7
2971.5385364181384,-8,7
2971.5385364181384,-7,7
2971.5385364181384,-6,7
2605.657269354592,-5,7
2971.5385364181384,-4,7
2971.5385364181384,-3,7
456.261207959417,-2,7
413.0575340906069,-1,7
206.87478885972743,0,7
208.83199255351286,1,7
208.83199255351286,2,7
233.11521324663357,3,7
251.77427967792127,4,7
2605.657269354592,5,7
2605.657269354592,6,7
2971.5385364181384,7,7
87.41374082285886,8,7
87.41374082285886,9,7
76.1304169299206,10,7
97.30051390028682,11,7
94.82386673172537,12,7
61.539813732691705,13,7
61.539813732691705,14,7
56.17024214159173,15,7
50.17606179759352,16,7
50.28776395112152,17,7
47.33839682933467,18,7
48.663158918638686,19,7
48.87363305940708,20,7
51.19976225170935,21,7
47.63761691790795,22,7
53.25298545061037,23,7
54.80524143670622,24,7
48.144882841764485,25,7
57.312618184812045,-35,8
48.247645842201216,-34,8
54.54022678734811,-33,8
48.663158918638686,-32,8
48.35085205622705,-31,8
185.97858975195032,-30,8
2971.5385364181384,-29,8
2605.657269354592,-28,8
2605.657269354592,-27,8
2605.657269354592,-26,8
2605.657269354592,-25,8
2091.9814929470135,-24,8
2605.657269354592,-23,8
2971.5385364181384,-22,8
2971.5385364181384,-21,8
2971.5385364181384,-20,8
2971.5385364181384,-19,8
2605.657269354592,-18,8
2971.5385364181384,-17,8
2971.5385364181384,-16,8
2971.5385364181384,-15,8
2605.657269354592,-14,8
2605.657269354592,-13,8
2971.5385364181384,-12,8
2971.5385364181384,-11,8
2971.5385364181384,-10,8
2320.5087420085197,-9,8
2605.657269354592,-8,8
2971.5385364181384,-7,8
2971.5385364181384,-6,8
2971.5385364181384,-5,8
2320.5087420085197,-4,8
2605.657269354592,-3,8
2971.5385364181384,-2,8
2971.5385364181384,-1,8
2605.657269354592,0,8
2971.5385364181384,1,8
2971.5385364181384,2,8
2605.657269354592,3,8
2971.5385364181384,4,8
2971.5385364181384,5,8
2605.657269354592,6,8
2971.5385364181384,7,8
2320.5087420085197,8,8
2971.5385364181384,9,8
74.36447085339407,10,8
71.9803040291536,11,8
72.21176406014092,12,8
64.35530170411718,13,8
64.35530170411718,14,8
54.80524143670622,15,8
45.804458069727026,16,8
46.17847137106316,17,8
40.84701056869164,18,8
45.89738764459374,19,8
43.59851252211395,20,8
52.50962498735729,21,8
54.67241035028023,22,8
54.93872482922981,23,8
55.47927877951724,24,8
55.47927877951724,25,8
57.901557307186536,-35,9
55.07286535773392,-34,9
54.40868601200774,-33,9
50.06485879062014,-32,9
50.39996862858814,-31,9
104.10315751610364,-30,9
2605.657269354592,-29,9
358.8037784196224,-28,9
2605.657269354592,-27,9
2971.5385364181384,-26,9
2605.657269354592,-25,9
397.99936438037616,-24,9
2605.657269354592,-23,9
405.3875272966911,-22,9
2091.9814929470135,-21,9
2971.5385364181384,-20,9
2971.5385364181384,-19,9
2971.5385364181384,-18,9
2971.5385364181384,-17,9
2971.5385364181384,-16,9
2971.5385364181384,-15,9
2971.5385364181384,-14,9
2971.5385364181384,-13,9
2971.5385364181384,-12,9
2971.5385364181384,-11,9
2971.5385364181384,-10,9
2971.5385364181384,-9,9
2971.5385364181384,-8,9
2971.5385364181384,-7,9
413.0575340906069,-6,9
2605.657269354592,-5,9
413.0575340906069,-4,9
52.87867159852225,-3,9
46.463047637779866,-2,9
35.9309003339883,-1,9
39.841971418118746,0,9
39.70244964813516,1,9
41.06906407812764,2,9
40.920758951756156,3,9
2605.657269354592,4,9
2605.657269354592,5,9
413.0575340906069,6,9
2971.5385364181384,7,9
2605.657269354592,8,9
141.01699217824498,9,9
141.9179891117173,10,9
73.15280883142908,11,9
57.312618184812045,12,9
70.40103832109732,13,9
65.28919819196625,14,9
87.75641964016376,15,9
74.86054325751111,16,9
78.80510196759955,17,9
68.67958470862533,18,9
68.89011127832303,19,9
60.71019943271784,20,9
60.87431351107008,21,9
50.96865024362386,22,9
51.432996987948265,23,9
51.31611245024075,24,9
49.192808549088134,25,9
44.984854736089765,-35,10
42.29569764264012,-34,10
45.61973238713319,-33,10
40.627364564585655,-32,10
75.36333343697814,-31,10
2605.657269354592,-30,10
2971.5385364181384,-29,10
2971.5385364181384,-28,10
2605.657269354592,-27,10
2091.9814929470135,-26,10
2605.657269354592,-25,10
2971.5385364181384,-24,10
2605.657269354592,-23,10
2971.5385364181384,-22,10
2605.657269354592,-21,10
2971.5385364181384,-20,10
2971.5385364181384,-19,10
2971.5385364181384,-18,10
2605.657269354592,-17,10
2971.5385364181384,-16,10
2971.5385364181384,-15,10
2971.5385364181384,-14,10
2320.5087420085197,-13,10
2605.657269354592,-12,10
413.0575340906069,-11,10
2971.5385364181384,-10,10
2971.5385364181384,-9,10
2971.5385364181384,-8,10
2971.5385364181384,-7,10
2091.9814929470135,-6,10
2605.657269354592,-5,10
2971.5385364181384,-4,10
2971.5385364181384,-3,10
2971.5385364181384,-2,10
2971.5385364181384,-1,10
2971.5385364181384,0,10
405.3875272966911,1,10
2091.9814929470135,2,10
2605.657269354592,3,10
2971.5385364181384,4,10
405.3875272966911,5,10
2605.657269354592,6,10
405.3875272966911,7,10
2605.657269354592,8,10
2971.5385364181384,9,10
134.20393049866863,10,10
129.51418017733843,11,10
98.58840782028977,12,10
81.97503195462,13,10
98.58840782028977,14,10
95.63517293169141,15,10
81.37969464238716,16,10
81.37969464238716,17,10
70.62235734034113,18,10
62.740435372143665,19,10
63.09219480016546,20,10
57.16726565876479,21,10
50.28776395112152,22,10
54.54022678734811,23,10
44.806719830497556,24,10
49.4079374606645,25,10
